,word,positive_count,negative_count,total
0,금통위,575,981,1556
1,결과,1147,1954,3101
2,금리동결,76,171,247
3,기조,644,1045,1689
4,유지,1404,2483,3887
5,이정준,34,73,107
6,조사,713,862,1575
7,자료,8167,9262,17429
8,투자자,1309,2472,3781
9,도움,171,310,481
10,될,571,989,1560
11,정보,700,1041,1741
12,제공,782,1502,2284
13,목적,404,509,913
14,작성,379,483,862
15,당사,1253,1398,2651
16,사전,173,286,459
17,동의,216,272,488
18,없이,512,721,1233
19,무단,199,230,429
20,복제,265,305,570
21,배포,282,333,615
22,없,2309,3289,5598
23,수록,200,267,467
24,내용,649,909,1558
25,신뢰,371,468,839
26,얻,309,444,753
27,정확,437,511,948
28,완전,304,367,671
29,보장,431,469,900
30,자신,337,415,752
31,판단,1542,2139,3681
32,책임,682,829,1511
33,최종,421,600,1021
34,결정,953,1620,2573
35,하,1574,2799,4373
36,바랍니다,266,303,569
37,어떠,531,574,1105
38,경우,2276,3319,5595
39,고객,852,1479,2331
40,주식,711,1242,1953
41,투자,3470,5197,8667
42,대한,3208,4977,8185
43,법,425,557,982
44,소재,378,583,961
45,증빙,300,343,643
46,사용,517,763,1280
47,한은,526,1061,1587
48,기준금리,2174,4092,6266
49,동결,433,1000,1433
50,장기,945,1255,2200
51,연속,553,1187,1740
52,현행,51,125,176
53,경기,2707,3879,6586
54,상하방,53,46,99
55,리스크,785,1167,1952
56,상존,98,123,221
57,중립,241,325,566
58,불가피,108,213,321
60,낙관,101,151,252
61,시각,157,249,406
62,만장일치,63,129,192
63,아래,102,188,290
64,통화정책,1088,1779,2867
65,방향,552,924,1476
66,알,164,245,409
67,있,7425,11939,19364
68,변화,1282,1725,3007
69,앞,478,882,1360
70,세계,608,968,1576
71,경제,3738,6526,10264
72,완만,299,402,701
73,회복세,253,422,675
74,지속,2158,3457,5615
75,전망,4840,7318,12158
76,미연준,205,283,488
77,양적완화,177,304,481
78,축소,1055,1549,2604
79,따른,1529,2480,4009
80,글로벌,1644,2550,4194
81,금융시장,503,725,1228
82,여건,494,756,1250
83,일부,654,1043,1697
84,신흥시장국,25,59,84
85,성장세,304,492,796
86,약화,521,637,1158
87,영향,2169,3065,5234
88,받,1121,2337,3458
89,가능성,2799,4497,7296
90,국내,2303,3688,5991
91,보,925,1472,2397
92,내수,284,447,731
93,관련,1478,2255,3733
94,지표,1768,2599,4367
95,개선,1384,2231,3615
96,부진,814,1281,2095
97,병존,6,9,15
98,가운데,1123,1804,2927
99,수출,1089,1697,2786
100,증가세,309,499,808
101,이,735,1340,2075
103,따라,1248,2131,3379
104,갭,218,340,558
105,당분간,289,501,790
106,마이너스,189,387,576
107,상태,228,475,703
108,폭,1305,1893,3198
109,점차,335,442,777
110,예상,3008,4656,7664
111,물가,3636,4793,8429
112,상승률,1079,1310,2389
113,농산물,90,168,258
114,작황,7,9,16
115,호조,304,449,753
116,낮,1424,2331,3755
117,수준,2393,3940,6333
118,나타내,701,745,1446
119,높,2927,4611,7538
120,하방,282,419,701
121,불구,473,633,1106
122,성장,1186,1929,3115
123,경로,361,437,798
124,실현,82,128,210
125,기대감,569,1215,1784
126,내부,57,110,167
127,크,1650,2292,3942
128,자리,79,180,259
129,잡,114,243,357
130,의미,294,522,816
131,한은총재,61,163,224
132,교체,101,92,193
133,이후,2388,4036,6424
135,상황,1932,2933,4865
136,발생,494,997,1491
137,이상,1068,2066,3134
138,현재,1444,2314,3758
139,실제,369,595,964
140,잠재,353,456,809
141,고려,765,1277,2042
142,때,1155,1888,3043
143,올해,1684,3901,5585
144,상반기,434,671,1105
145,하반기,888,1109,1997
146,인상,1840,3427,5267
147,매우,212,376,588
148,채권,2591,3657,6248
149,금리,12353,20435,32788
150,레벨,232,380,612
151,부담,1245,2061,3306
152,가중,77,156,233
153,채권시장,1149,1494,2643
154,최근,2025,3106,5131
155,주요,1337,1974,3311
156,지정학,201,367,568
157,부각,267,386,653
158,불확실성,833,1133,1966
159,상단,235,368,603
160,제한,477,733,1210
161,수급,565,828,1393
162,하향,464,601,1065
163,안정세,86,133,219
164,지지,222,411,633
165,그동안,165,269,434
166,강세,1557,2693,4250
167,재료,219,262,481
168,조정국면,15,23,38
169,진입,201,377,578
170,인하,3066,6435,9501
171,논란,73,115,188
172,수면,6,10,16
173,가라앉,4,17,21
174,아울러,294,420,714
175,면치,11,31,42
176,대내외,187,248,435
177,회복,1032,1551,2583
178,속,350,656,1006
179,추가,1320,2338,3658
180,규모,1745,2625,4370
181,일,5698,11145,16843
182,시나리오,142,161,303
183,트레이딩,52,84,136
184,아이디어,11,18,29
185,미선,122,268,390
186,윤정수,9,16,25
187,본,516,673,1189
188,또,423,917,1340
189,젂,163,167,330
190,대,467,958,1425
191,이동,122,247,369
192,점도표,69,304,373
193,중간,41,99,140
194,값,117,251,368
195,회로,21,58,79
196,변경,435,560,995
197,회의,328,709,1037
198,파월,191,718,909
199,의장,236,576,812
200,지난,1504,2939,4443
201,의회,62,116,178
202,증언,14,49,63
203,마찬가지,79,125,204
204,미,1335,2011,3346
205,대해,1302,1526,2828
206,강한,159,285,444
207,자신감,38,131,169
209,함께,539,965,1504
210,성장률,1336,2052,3388
211,후반,117,165,282
212,상향,453,672,1125
213,시장,3356,6686,10042
214,관심,442,766,1208
215,횟수,68,128,196
216,여부,306,561,867
217,주장,208,288,496
218,인사,79,130,209
219,중,2561,4668,7229
220,바뀌,71,104,175
221,된다,198,353,551
222,연준,1330,2956,4286
223,멤버,7,35,42
224,언급,1196,1180,2376
225,감안,584,944,1528
226,정도,791,954,1745
227,충분,92,201,293
228,충격,249,334,583
229,덜,107,180,287
230,주기,80,169,249
231,위해,676,1492,2168
232,전략,474,1096,1570
233,차원,94,207,301
234,대신,71,172,243
235,내년,703,894,1597
236,높일,54,83,137
237,배제,142,195,337
238,아직,483,591,1074
239,미국,6247,10136,16383
240,하회,262,529,791
241,증시,953,2084,3037
242,급락,270,518,788
243,경험,87,207,294
244,이번,809,1901,2710
245,확인,705,1057,1762
246,후,708,1398,2106
247,조정,565,1091,1656
248,베이스,29,50,79
249,상정,26,32,58
250,선반영,77,135,212
251,단기,721,1238,1959
252,안,395,769,1164
253,랠리,83,225,308
254,나타날,145,214,359
255,만약,68,117,185
256,오버슈팅,15,21,36
257,가능,675,1273,1948
258,가파른,55,112,167
259,우려,1301,2001,3302
260,주가,877,1625,2502
261,안전자산,236,337,573
262,선호,336,588,924
263,재현,8,20,28
264,매수,842,1100,1942
265,커브,177,238,415
267,구축,102,215,317
268,향후,1137,1600,2737
269,통안,609,885,1494
270,국고채,1841,2294,4135
271,내재,39,47,86
272,포워드,8,23,31
273,바탕,253,340,593
274,만기별,108,81,189
275,밸류에이션,56,160,216
276,매력도,32,59,91
277,순,113,169,282
278,통안1년,178,304,482
279,반영,1092,1648,2740
280,상승,4674,7781,12455
281,국고5년,259,285,544
282,모두,554,1035,1589
283,압력,835,1121,1956
284,가장,682,1366,2048
285,자유,67,113,180
286,싸이클,4,41,45
287,마무리,141,230,371
288,가정,167,211,378
289,여력,218,345,563
290,많,602,1112,1714
291,시점,746,1182,1928
292,통안2년,169,160,329
293,국고3년,507,726,1233
294,적정,134,244,378
295,추정,389,619,1008
296,적어도,68,87,155
298,되,590,1049,1639
299,시계,92,134,226
300,급등,512,808,1320
301,논의,219,439,658
302,구체,50,35,85
303,노출,47,131,178
304,추천,192,142,334
305,한국,1968,2426,4394
306,이란,278,672,950
307,기대,2054,3191,5245
308,빠르,338,580,918
309,확산,335,434,769
310,가파르,57,73,130
311,동반,128,260,388
312,움직였,6,29,35
313,변수,168,382,550
315,국고n년,55,62,117
316,발행계획,52,110,162
317,발표,1504,2717,4221
318,역,58,86,144
319,대부분,310,515,825
320,해소,290,476,766
321,연초,322,595,917
322,보호무역주의,34,69,103
323,국내외,228,308,536
324,하락,3642,6144,9786
325,중심,891,1339,2230
326,동안,298,481,779
327,각각,749,1432,2181
328,한편,579,905,1484
329,기재,74,91,165
330,부가,26,44,70
331,발행,2261,3213,5474
332,밝힌,58,141,199
333,역전폭,22,56,78
334,대폭,91,193,284
335,스프레드,2300,2661,4961
336,역전,123,238,361
337,트럼프,302,335,637
338,무역,220,332,552
339,제재,88,137,225
340,협상,172,249,421
341,카드,180,227,407
342,관점,214,280,494
343,바라볼,5,15,20
344,필요,1541,2097,3638
345,들,347,598,945
346,여타,124,112,236
347,만기,1510,2178,3688
348,소폭,646,897,1543
349,반등,624,972,1596
350,이주열,33,79,112
351,연임,31,20,51
352,소식,165,332,497
353,전해,25,38,63
355,점,1597,2588,4185
356,미쳤,66,140,206
357,완화,1117,1549,2666
358,코스피,289,781,1070
359,영업일,25,51,76
360,예상치,558,859,1417
361,남북,12,13,25
362,정상회담,39,27,66
363,북미,121,169,290
364,위험자산,204,258,462
365,높이,177,270,447
366,약세,1117,1999,3116
367,요인,1174,1767,2941
368,작용,620,900,1520
369,돌아서,35,39,74
370,다시,673,1173,1846
371,올라서,12,16,28
372,된,71,136,207
373,큰,1119,1783,2902
374,계기,58,109,167
375,정책,1504,2338,3842
376,대통령,308,498,806
377,재협상,11,15,26
378,조건,180,411,591
379,캐나다,222,267,489
380,멕시코,423,343,766
381,철강,111,227,338
382,알루미늄,7,38,45
383,관세,52,124,176
384,면제,53,129,182
385,밝혔,862,1859,2721
386,결국,279,421,700
387,인식,332,397,729
388,시작,624,1023,1647
389,당초,157,224,381
392,초반,208,370,578
393,불러,4,17,21
394,방식,280,381,661
395,반도체,488,1045,1533
396,주력,65,108,173
397,수출품,6,17,23
399,직접,221,385,606
400,타격,35,80,115
401,대미,39,43,82
402,흑자,133,151,284
403,과거,535,800,1335
404,감소,1283,1786,3069
405,선진국,493,694,1187
406,신흥국,470,737,1207
407,국면,234,297,531
408,전체,625,943,1568
409,파이,8,29,37
410,커진,68,160,228
411,환경,339,643,982
412,기억,9,25,34
413,입장,342,616,958
414,대규모,306,458,764
415,적자,217,343,560
416,업종,271,471,742
418,수입,360,473,833
419,늘리,97,203,300
420,통해,923,1905,2828
421,피할,22,23,45
422,옵션,25,81,106
423,존재,222,222,444
424,그림,3530,3651,7181
425,변동,1052,1268,2320
426,배경,246,403,649
427,추세,485,669,1154
428,제거,27,53,80
429,작년,542,1280,1822
430,동조,52,85,137
431,강화,767,1258,2025
432,국고,1261,1805,3066
433,입찰,257,408,665
434,경계,108,167,275
435,국고10년,366,411,777
436,대비,3349,5721,9070
437,좌,1122,872,1994
438,우,1573,1662,3235
439,민평,816,1060,1876
440,하나금융투자,1298,1712,3010
441,인포맥스,473,631,1104
442,영향력,114,163,277
443,점검,400,543,943
444,돌아설,14,30,44
445,상향조정,213,304,517
446,전망치,357,722,1079
447,집중,280,480,760
448,전방위,7,18,25
449,임금,423,722,1145
450,단계,183,311,494
451,표,610,788,1398
452,연도,47,47,94
453,말,1343,2987,4330
454,망,53,37,90
455,자산,1110,1589,2699
456,반락,47,54,101
457,내년도,45,92,137
459,키,43,32,75
460,상회,375,590,965
462,해당,324,681,1005
463,추이,1320,1245,2565
464,하향조정,258,436,694
465,나오,259,534,793
466,투표,52,154,206
467,블룸버그,69,131,200
468,성향,110,116,226
469,분석,1023,1936,2959
470,참가,8,27,35
471,발언,498,777,1275
472,평가,1358,2103,3461
473,비,444,686,1130
474,중도,36,96,132
475,개인,631,1345,1976
477,더들리,15,26,41
478,부의장,17,20,37
479,뉴욕,362,623,985
480,여,8,14,22
481,계속,506,825,1331
482,뜻,65,127,192
483,매파,153,387,540
484,바킨,27,16,43
485,총재,371,739,1110
486,리치몬드,15,12,27
487,보스틱,15,85,100
488,애틀랜타,16,51,67
489,어떻게,176,221,397
490,움직이,99,189,288
491,기다리,40,78,118
492,관찰,41,82,123
493,테이블,27,30,57
495,비둘기파,78,109,187
496,브레,6,11,17
497,이너드,6,13,19
498,달성,191,391,582
499,자,7,11,18
500,가지,70,163,233
501,견조,222,284,506
502,적,187,303,490
503,메스터,26,17,43
505,확장세,19,32,51
506,고용시장,116,235,351
508,인플레이션,1010,1935,2945
509,수년,20,40,60
511,주식시장,252,398,650
512,펀더멘털,152,231,383
513,튼튼,5,14,19
514,좋,294,568,862
515,윌리엄스,18,40,58
517,실업률,261,484,745
518,떨어질,44,68,112
519,옐런,135,133,268
520,제외,575,925,1500
521,불라드,12,8,20
522,세인트루이스,11,17,28
523,보유자산,20,55,75
524,강도,112,146,258
525,점점,46,61,107
526,강해,28,52,80
528,위험,514,809,1323
530,시카고,42,33,75
531,조금,77,183,260
532,더,1297,2292,3589
533,목표치,112,317,429
534,이어지,343,597,940
535,그리,62,75,137
536,봄,21,44,65
537,조지,8,14,22
538,캔자스시티,7,16,23
539,상방,95,107,202
540,현저,15,8,23
541,연내,254,444,698
542,오를,71,190,261
543,렌,1,22,23
544,보스턴,8,32,40
545,완화정책,54,129,183
546,흐름,1364,1687,3051
547,나머지,88,143,231
548,지역,588,1285,1873
549,연은,71,118,189
550,캐,7,25,32
551,댈러스,8,19,27
553,도달,97,200,297
554,넘어섰,64,118,182
555,너무,121,160,281
556,늦,73,124,197
557,올리,57,150,207
558,빨리,73,100,173
559,기본,180,276,456
560,올려야,5,24,29
562,카리,60,11,71
563,미니애폴리스,37,8,45
565,커,80,140,220
566,필라델피아,53,60,113
567,차례,216,541,757
568,보이,1122,1823,2945
569,관성,3,12,15
570,기존,594,1203,1797
571,이유,425,763,1188
572,주,1823,2712,4535
574,스탠스,122,217,339
575,분기,1986,3082,5068
576,중요,418,745,1163
577,화두,12,18,30
578,인플레,262,353,615
579,타게팅,15,8,23
580,용인,46,89,135
581,넘어선,36,77,113
582,늘,394,625,1019
585,트리,44,82,126
587,작동,22,39,61
588,유연,39,81,120
589,부여,84,93,177
590,목소리,57,117,174
591,방안,355,518,873
592,목표제,8,8,16
593,특정,82,109,191
594,기간,751,1319,2070
595,평균,869,1279,2148
596,물가수준,25,31,56
597,목표가,52,103,155
598,충족,99,158,257
599,장기간,56,143,199
600,얼마,30,45,75
601,일정,235,349,584
602,부분,474,556,1030
603,중반,176,222,398
604,머물,41,71,112
605,당장,104,201,305
606,본격,198,377,575
607,가시,74,123,197
608,넘어서,50,78,128
609,증가율,434,574,1008
610,지수,1590,2511,4101
611,수용,36,92,128
612,목표,659,1373,2032
613,물가지수,389,539,928
614,저평가,93,118,211
615,영역,102,167,269
616,찾,162,318,480
617,연간,386,556,942
618,어렵,358,492,850
619,이러,598,649,1247
620,부상,28,52,80
621,재개,133,177,310
622,한국은행,746,1120,1866
623,열,161,318,479
624,종료,144,383,527
625,라면,111,185,296
626,이어질,291,430,721
627,어려울,162,213,375
628,한미,40,83,123
629,최대,560,1215,1775
630,당시,217,421,638
631,비율,227,547,774
632,연말,332,554,886
634,뒤,218,428,646
636,형성,189,377,566
637,완전히,47,85,132
638,여전히,625,1101,1726
639,가격,1753,3003,4756
640,남,198,377,575
641,적절,179,360,539
642,가량,370,486,856
643,물,564,948,1512
645,과정,397,568,965
646,향해,26,108,134
647,인상기,51,22,73
648,은행,2016,3229,5245
649,안정,1206,1749,2955
650,가늠,65,64,129
652,싱,7,21,28
653,상당기간,64,84,148
654,이루어질,19,37,56
655,이미,303,483,786
656,자체,245,357,602
657,개별,387,459,846
658,이슈,380,506,886
659,보다,220,332,552
660,진행,825,1502,2327
661,취약,94,186,280
663,미치,507,610,1117
664,고용,818,1154,1972
665,양호,345,481,826
666,비농업부문,20,56,76
667,증가,2212,3296,5508
668,시간,685,1519,2204
669,전치,13,44,57
670,넘,352,714,1066
671,기록,1710,3270,4980
672,보여,256,326,582
673,측면,492,588,1080
674,꾸준히,195,239,434
675,전월,807,1213,2020
677,주간,937,1271,2208
678,근무,25,62,87
679,생산,466,787,1253
680,소비,1253,1469,2722
681,신호,97,208,305
682,전달,81,271,352
683,스,14,30,44
684,보임,125,141,266
685,유로존,457,887,1344
686,뒷받침,120,141,261
687,기여도,68,81,149
688,정부,1471,2274,3745
689,지출,330,564,894
690,순수출,20,25,45
691,위기,269,573,842
692,이전,452,617,1069
693,플러스,142,215,357
694,전환,859,1395,2254
695,최,63,178,241
697,독일,827,870,1697
699,수출국,23,58,81
700,기여,105,172,277
701,통화정책회의,160,253,413
702,많이,194,411,605
703,매입,541,734,1275
705,수정,268,410,678
706,정상화,226,419,645
707,갔,113,214,327
708,소비자,1177,1840,3017
709,근원,434,599,1033
710,헤드라인,68,103,171
711,핵심,230,415,645
712,전후,78,124,202
713,둔화,1090,1782,2872
714,제기,161,297,458
715,반대,261,522,783
716,기준,2120,3723,5843
717,오르,313,614,927
718,서비스,529,1159,1688
719,파트,14,63,77
720,달했,69,118,187
721,집세,16,17,33
722,공공,98,178,276
723,개인서비스,15,15,30
724,원인,166,244,410
725,특히,651,1299,1950
726,외식,27,21,48
727,설,120,124,244
728,연휴,168,89,257
730,올라,102,217,319
731,금주,233,372,605
732,하단,238,267,505
733,공고,28,53,81
734,겨울,12,18,30
735,소매,326,500,826
736,판매,521,957,1478
737,수요,1201,1786,2987
738,강,58,100,158
739,올랐,307,607,914
740,유가,732,1059,1791
741,기인,186,195,381
742,달러,2907,4985,7892
743,변동성,603,908,1511
744,심리,443,619,1062
745,미시건대,56,70,126
746,신뢰지수,78,108,186
747,이끌,108,156,264
749,지난주,341,502,843
750,역축,18,20,38
751,유로화,80,196,276
752,둔화세,32,59,91
753,상당부분,100,121,221
754,차지,255,456,711
755,정점,100,152,252
756,교역,192,250,442
758,부족,163,377,540
759,대외,284,482,766
760,다소,469,672,1141
761,악화,398,564,962
762,펀,8,14,22
763,펜,22,36,58
764,털,13,13,26
765,관한,55,99,154
766,포워드가이던스,39,79,118
767,삭제,29,132,161
768,문구,94,198,292
769,이탈리아,401,608,1009
770,정치,294,415,709
771,불,101,211,312
772,확,21,29,50
773,금융규제,37,35,72
774,밟,9,29,38
775,놓여,14,17,31
776,예치,23,37,60
777,시그널,76,119,195
778,구로다,22,15,37
779,기자회견,101,323,424
780,회계연도,38,56,94
781,출구전략,51,44,95
782,할,186,366,552
783,빠른,147,198,345
785,대해서,341,525,866
786,확장,137,232,369
787,일본,1361,2184,3545
788,감독,61,98,159
789,담당,64,157,221
791,줄,304,597,901
792,예고,78,134,212
793,제대로,33,76,109
794,복잡,28,48,76
795,규제,489,595,1084
796,예,98,150,248
797,규제당국,5,15,20
798,합의,128,186,314
799,밝힘,45,40,85
800,이사,124,238,362
801,애틀란타,3,20,23
802,연은총재,98,88,186
803,관해,9,13,22
804,피력,27,79,106
805,보호무역,10,17,27
806,분야,114,232,346
807,이득,7,12,19
808,문제,540,1043,1583
809,야기,40,52,92
810,지적,273,514,787
811,로젠,5,10,15
813,非,7,10,17
814,예측,166,348,514
815,유력,62,75,137
816,날짜,18,38,56
817,기계,127,190,317
818,수주,143,249,392
819,중국,1899,3303,5202
820,광공업,49,109,158
821,누적,543,465,1008
822,고정자산,13,36,49
823,산업,723,1077,1800
824,생산자,172,267,439
825,기업,1771,3323,5094
826,재고,161,331,492
827,엠파이어스테이트,20,21,41
828,제조업,563,956,1519
829,주택시장,160,249,409
830,주택,664,1112,1776
831,착공,126,178,304
832,건수,216,344,560
833,건축허가,34,36,70
834,대학교,23,45,68
835,망치,15,21,36
836,속보치,10,58,68
837,잠정치,79,58,137
838,확정치,51,34,85
839,금융,955,2389,3344
840,준,43,72,115
841,태,7,8,15
842,등급,1057,1114,2171
843,스플릿,2,32,34
845,김상만,176,364,540
846,김준태,7,18,25
849,각자,6,12,18
850,길,133,268,401
852,만나,18,56,74
853,회사채,3763,4523,8286
854,신용평가,56,171,227
856,수행,40,102,142
857,피,71,116,187
858,복수,5,34,39
859,평가사,9,11,20
860,유효,215,295,510
861,인정받,31,48,79
862,신용평가사,75,130,205
863,신뢰도,10,36,46
865,무,77,144,221
866,차별,27,57,84
867,현상,314,469,783
868,시,279,429,708
869,일단,105,115,220
871,한다면,14,22,36
872,다르,114,166,280
873,사별,6,16,22
874,담당자,62,93,155
875,접근,138,254,392
876,차이,259,360,619
877,둘러싼,70,101,171
878,사업,515,1069,1584
879,다를,60,84,144
880,물론,233,314,547
881,대다수,31,59,90
882,같,1005,1818,2823
883,유사,126,151,277
884,정상,45,139,184
885,그렇,133,148,281
886,방법,137,192,329
887,담보,74,157,231
888,어려워,89,120,209
890,일종,22,41,63
891,눈치,3,13,16
892,했,348,858,1206
893,사실,306,397,703
894,보인다,865,1536,2401
895,괴리,71,99,170
896,달하,71,168,239
897,공모채,57,114,171
898,잔액,362,617,979
899,동향,650,610,1260
900,검토,196,355,551
901,재무,252,368,620
902,한쪽,8,9,17
903,뚜렷이,6,11,17
904,제시,476,902,1378
905,함의,2,16,18
907,개별기업,16,35,51
908,정량,10,5,15
909,정성,66,45,111
910,종합,358,507,865
911,판정,4,12,16
912,결론,80,114,194
913,이르,92,210,302
914,실적,860,1341,2201
915,통한,244,418,662
916,생각,378,527,905
917,이제,151,227,378
918,곧,41,92,133
919,결산,24,72,96
920,기반,213,388,601
921,정기,64,139,203
922,평정,15,24,39
923,시즌,39,57,96
924,도래,116,292,408
925,참고,273,305,578
926,전반,432,646,1078
927,약보합,51,101,152
928,보였,499,960,1459
929,전채,88,129,217
930,상위등급,37,87,124
931,내외,143,251,394
932,확대,2160,3486,5646
933,유통시장,99,117,216
934,상위,274,481,755
935,종목,593,1215,1808
936,A등급,113,150,263
937,하위등급,68,131,199
938,AA등급,69,111,180
939,모습,800,1269,2069
940,요약,101,200,301
942,트리거,19,47,66
943,CJ헬로비전,11,11,22
944,AA-등급,22,27,49
945,에스,76,132,208
946,인천,88,175,263
947,석유화학,84,128,212
948,한신평,226,271,497
949,신평,91,154,245
950,대상,459,1112,1571
951,한기평,135,160,295
952,엘에스엠,13,20,33
953,트론,14,24,38
955,실트론,12,51,63
956,현대엘리베이터,7,16,23
957,성우하이텍,14,17,31
958,평택,10,60,70
959,에너지,358,703,1061
960,A-등급,8,12,20
961,포천,8,11,19
962,파워,34,37,71
964,유보,18,40,58
965,리스트,16,30,46
966,금융기업,15,20,35
967,등급간,15,23,38
968,이하,550,873,1423
969,이중,84,200,284
974,구분,317,388,705
975,M&A,110,160,270
976,업황,73,167,240
977,저하,148,197,345
978,재무구조,86,107,193
979,사유,45,89,134
980,구성,231,351,582
981,신용등급,731,1025,1756
982,비교,313,706,1019
983,신평사,63,73,136
984,살펴보,207,299,506
986,마지막,95,183,278
987,뛰어넘,40,60,100
988,나타나,420,542,962
989,회사,1037,1286,2323
990,나이스,13,28,41
991,급,428,474,902
992,나열,10,9,19
993,동사,19,51,70
994,나이스신용평가,9,25,34
995,적용,391,716,1107
996,공시,195,162,357
997,오가,10,26,36
998,신용스프레드,282,205,487
1000,근접,108,173,281
1001,부채비율,195,215,410
1002,항목,115,123,238
1004,계열,89,76,165
1006,무산,16,32,48
1007,매각,167,383,550
1008,시도,82,169,251
1009,산정,72,125,197
1010,시계열,24,31,55
1011,관계,191,285,476
1012,통합,118,167,285
1013,신용도,36,33,69
1014,격차,112,154,266
1015,미미,75,88,163
1016,같이,250,392,642
1017,밝히,63,111,174
1018,잉여,23,29,52
1019,비용,483,640,1123
1020,재무제표,17,59,76
1021,기평,101,114,215
1022,배,615,845,1460
1023,한국기업평가,43,61,104
1024,A+등급,27,17,44
1025,사,176,379,555
1026,수렴,62,83,145
1027,오,306,1011,1317
1028,도크,74,89,163
1029,반응,154,187,341
1030,평,15,33,48
1031,기점,73,166,239
1033,이익잉여금,15,10,25
1034,차입,85,272,357
1035,의존,58,101,159
1036,별도기준,21,21,42
1037,순차입금,19,49,68
1039,고수,19,45,64
1040,가까이,111,203,314
1041,케이스,6,19,25
1043,붙,32,86,118
1045,인수,187,253,440
1046,해외,718,1149,1867
1049,시설,120,297,417
1051,외부,185,237,422
1052,수익성,263,390,653
1053,인해,481,854,1335
1054,이자보상배율,29,56,85
1055,영업이익률,38,71,109
1056,연결기준,63,59,122
1057,표준,14,25,39
1058,재,381,687,1068
1059,수치,236,472,708
1061,차입금,94,254,348
1063,매출액,162,210,372
1064,미만,138,363,501
1065,거리,58,98,156
1066,두,235,381,616
1068,자회사,83,136,219
1069,지분,178,258,436
1070,오토,110,68,178
1074,사업부,15,23,38
1075,감가상각비,10,5,15
1076,산출,58,108,166
1077,도와,7,27,34
1078,유형,48,94,142
1080,차,128,192,320
1084,커지,226,478,704
1085,중수익,2,15,17
1086,미달,28,45,73
1087,손익,211,80,291
1088,현금흐름,30,68,98
1091,창출,62,98,160
1092,현금,129,273,402
1093,자금,1284,2550,3834
1094,충당,15,26,41
1095,경감,43,107,150
1096,초과,228,315,543
1097,SK그룹,6,14,20
1099,짐,38,52,90
1101,수요예측,639,854,1493
1102,초,211,327,538
1103,매출,353,651,1004
1104,인한,340,511,851
1105,커서,9,12,21
1106,커졌,97,185,282
1107,마진,39,79,118
1109,약간,40,79,119
1110,못,117,241,358
1111,보였으나,53,75,128
1112,영업이익,295,307,602
1113,경쟁,160,301,461
1114,심화,239,297,536
1115,원자재,335,366,701
1116,불리,63,100,163
1117,제약요인,22,31,53
1118,이루,80,109,189
1119,동일,157,264,421
1121,이자비용,85,152,237
1122,위치,76,174,250
1123,건전성,233,352,585
1124,향상,34,89,123
1125,발행자,11,17,28
1127,부과,119,168,287
1128,서명,6,10,16
1129,이벤트,280,573,853
1130,보합,118,205,323
1131,알려,27,42,69
1132,초장기물,52,55,107
1133,마감,791,1506,2297
1134,크레딧채권,170,274,444
1135,월간,130,169,299
1136,단위,456,565,1021
1137,국채,2150,2991,5141
1138,특수채,822,889,1711
1139,은행채,1021,988,2009
1140,여전채,746,749,1495
1141,동월,144,205,349
1142,특수,128,240,368
1143,여전,220,260,480
1144,전주,362,441,803
1145,크레딧스프레드,293,497,790
1146,전,906,1487,2393
1147,발행시장,178,184,362
1148,분위기,303,456,759
1149,기관,771,1311,2082
1150,오버,20,57,77
1151,부킹,9,20,29
1152,SK하이닉스,79,275,354
1153,증액,153,270,423
1154,민,49,86,135
1155,평대,25,36,61
1156,언더,39,75,114
1157,효성,73,57,130
1158,한라홀딩스,14,57,71
1159,이외,84,204,288
1160,한국증권금융,8,33,41
1161,한국투자증권,123,164,287
1162,LG하우시스,11,22,33
1163,주목,423,931,1354
1164,종목명,91,146,237
1165,발행일,56,88,144
1166,만기금액,81,98,179
1167,참여금액,12,15,27
1168,밴드,149,175,324
1169,하이트진로,27,26,53
1170,운영,461,778,1239
1171,차환,199,379,578
1172,신한은행,121,187,308
1173,갑,2,42,44
1174,국,57,120,177
1175,고민,112,222,334
1176,두산,64,156,220
1177,금감원,106,233,339
1178,전자공시,87,106,193
1179,시스템,191,403,594
1180,대상기업,18,51,69
1181,발행사,38,44,82
1182,회차,30,45,75
1183,예측금액,22,33,55
1184,후순위채,28,29,57
1185,발행금액,170,243,413
1186,유효경쟁,115,66,181
1187,달할,19,28,47
1188,흥행,88,156,244
1189,최초,125,255,380
1190,예정,759,1438,2197
1191,금액,279,562,841
1192,섹터별,77,81,158
1193,세부,86,178,264
1194,순발행,498,472,970
1195,순상환,81,124,205
1196,한전,27,62,89
1197,한국도로공사,4,11,15
1198,진공,6,48,54
1199,여수,20,15,35
1201,공사,172,270,442
1202,한국장학재단,4,14,18
1203,한국토지주택공사,8,15,23
1204,특수은행,23,38,61
1205,산업은행,122,121,243
1206,중소기업은행,6,12,18
1207,수출입은행,30,36,66
1208,시중은행,153,312,465
1209,카드채,159,245,404
1210,캐피탈채,162,247,409
1211,현황,434,541,975
1212,조원,793,862,1655
1213,거래대금,152,244,396
1214,발행물,72,89,161
1215,거래,1187,2662,3849
1216,포함,452,722,1174
1217,전전주,10,16,26
1218,종목별,41,80,121
1219,삼성증권,32,146,178
1220,최상위,20,35,55
1221,거래량,333,654,987
1222,LG화학,35,77,112
1223,GS칼텍스,43,48,91
1224,크레딧물,106,146,252
1225,돋보이,5,11,16
1226,나타났,327,664,991
1227,건설,515,773,1288
1228,두드러진,21,24,45
1229,이어서,15,32,47
1230,렌터카,22,55,77
1231,중부,6,27,33
1232,발전,100,196,296
1233,컸,109,210,319
1235,KB금융지주,23,26,49
1236,거래금액,36,46,82
1237,거래일,710,1968,2678
1238,만기일,70,144,214
1239,잔존,85,159,244
1240,엘지,47,49,96
1241,디스플레이,52,69,121
1242,신한,239,459,698
1243,금융지주,98,99,197
1244,유동화,209,436,645
1245,증권,1373,1725,3098
1246,선순위,56,73,129
1247,무보증,233,489,722
1248,이상거래,28,58,86
1249,본드웹,240,465,705
1250,한국남부발전,19,19,38
1251,지에스이,21,28,49
1252,피에스,15,20,35
1253,네이버,34,330,364
1254,DGB금융지주,9,19,28
1255,태영건설,82,461,543
1256,한온시스템,3,42,45
1257,신세계,37,56,93
1258,비중,847,1241,2088
1259,금융투자협회,530,648,1178
1260,월,368,640,1008
1261,금,234,606,840
1262,순매수,1733,1965,3698
1263,기타,538,618,1156
1264,기타법인,103,144,247
1265,국가,836,1126,1962
1266,지자체,51,94,145
1267,외국인,1854,2610,4464
1268,종금,172,185,357
1269,금융채,247,325,572
1270,보험,787,581,1368
1271,투신,348,455,803
1272,기금,340,411,751
1273,내역,97,133,230
1274,기업명,39,61,100
1275,금리차,141,221,362
1276,장단기스프레드,120,115,235
1277,중단,78,258,336
1278,김혜경,13,83,96
1279,크레딧,454,865,1319
1280,계획,361,833,1194
1281,정책수단,18,30,48
1282,금융상황,16,30,46
1283,어려워질,19,20,39
1284,매입프로그램,20,37,57
1285,증대,115,134,249
1286,및,89,167,256
1287,연장,176,340,516
1288,단행,99,240,339
1289,표출,13,16,29
1290,해석,202,323,525
1291,시사,229,379,608
1292,매입비중,3,17,20
1293,절대,121,139,260
1294,투자등급,103,150,253
1295,프로그램,300,375,675
1296,시행,277,570,847
1297,활성화,112,224,336
1298,전년,792,1331,2123
1299,동기,247,216,463
1300,우량등급,43,80,123
1301,실질,339,489,828
1302,조절,38,68,106
1303,등급별,98,202,300
1304,보유비중,17,30,47
1305,BBB등급,20,43,63
1306,클,75,116,191
1307,위주,187,393,580
1308,프랑스,422,422,844
1309,스페인,322,496,818
1311,통신,76,172,248
1312,음료,1,16,17
1313,화학,110,155,265
1314,헬스케어,44,143,187
1315,주시,50,166,216
1316,무역전쟁,9,30,39
1317,처리,99,162,261
1318,효과,607,1025,1632
1319,개정,67,154,221
1322,송환,9,17,26
1323,애플,69,410,479
1324,투자자산,19,39,58
1325,줄이,123,252,375
1326,밝혀,31,64,95
1327,바클레이즈,2,37,39
1328,대출,1692,3668,5360
1329,조달,482,764,1246
1330,이루어진,14,13,27
1331,그간,114,215,329
1332,역할,145,323,468
1333,펀더멘탈,99,146,245
1334,분명,67,101,168
1335,미칠,183,284,467
1336,그럼에도,64,108,172
1337,요소,142,188,330
1338,실시,219,376,595
1339,매월,49,110,159
1340,유로,512,702,1214
1341,한도,173,624,797
1342,역내,15,43,58
1343,벨기에,53,73,126
1344,핀란드,38,38,76
1346,정책당국,26,40,66
1347,유도,70,154,224
1348,꾀하,6,15,21
1349,부양,184,274,458
1350,파악,112,202,314
1351,기한,25,52,77
1352,매입액,3,14,17
1353,액,108,148,256
1355,조,147,236,383
1356,축소세,32,37,69
1358,레딧,19,52,71
1359,브렉시트,68,168,236
1360,연저점,20,12,32
1361,유럽,797,1240,2037
1362,차익실현,122,211,333
1363,펀드,606,701,1307
1364,유출,225,272,497
1365,유입,636,877,1513
1366,살펴본,12,14,26
1368,배분,12,41,53
1369,보유,607,1023,1630
1370,영국,732,922,1654
1371,네덜란드,56,94,150
1372,스위스,246,341,587
1373,역외,76,212,288
1374,유틸리티,38,94,132
1375,인프라,124,335,459
1376,자동차,262,460,722
1377,부동산,869,1587,2456
1378,기술,166,360,526
1379,식품,70,110,180
1381,마이크로소프트,28,110,138
1382,알파벳,32,87,119
1385,오라클,1,34,35
1386,합,36,26,62
1387,달한다,35,110,145
1388,구글,15,73,88
1389,아마존,80,57,137
1390,설비,228,332,560
1391,주주,174,172,346
1392,배당,156,519,675
1393,자사주,59,56,115
1394,우량,107,194,301
1395,알려져,26,41,67
1397,제로,16,17,33
1398,매도,400,644,1044
1399,수익률,972,1228,2200
1400,하이일드,171,141,312
1401,최저,223,405,628
1402,BB등급,5,11,16
1403,부도율,36,44,80
1404,투기등급,37,102,139
1405,HMC투자증권,711,583,1294
1406,지루,16,6,22
1407,보합권,68,158,226
1408,황원,37,65,102
1409,머무르,23,28,51
1410,머물러,31,39,70
1411,별다른,27,50,77
1412,느끼,28,33,61
1413,낙찰,127,168,295
1414,이뤄지고,25,30,55
1415,만기보유,8,7,15
1416,정하,11,32,43
1417,종가,647,948,1595
1418,중장기물,60,50,110
1419,좁,62,70,132
1420,박스권,214,296,510
1421,캐리,126,124,250
1422,실적발표,104,125,229
1423,한계기업,31,34,65
1424,신용위험,52,132,184
1425,건설사,118,220,338
1426,별로,13,25,38
1427,안정성,162,217,379
1428,악재,68,150,218
1430,반전,156,274,430
1431,움직임,415,584,999
1432,선행,252,356,608
1433,지금,270,501,771
1434,서로,40,54,94
1435,상쇄,60,75,135
1436,원달러환율,100,153,253
1437,저금리,194,285,479
1438,보인,108,186,294
1439,신임,37,45,82
1440,주재,30,62,92
1441,앞두,260,577,837
1442,경계감,109,218,327
1443,나왔,133,318,451
1444,사록,62,108,170
1446,머물렀,27,63,90
1447,통안증권,117,132,249
1448,일반,305,519,824
1449,통안채,473,380,853
1450,AAA등급,34,52,86
1451,순매수금액,30,67,97
1452,금고,30,46,76
1453,공제,114,169,283
1455,순매도,560,920,1480
1456,일자,175,213,388
1457,우리투자증권,30,95,125
1458,대우조선해양,68,69,137
1459,이마트,50,81,131
1460,농협금융지주,11,25,36
1461,연합자산관리,34,58,92
1462,삼성,115,205,320
1464,현대중공업,51,56,107
1465,경기도,79,195,274
1466,시공사,39,63,102
1467,이치,23,62,85
1468,SKC&C,6,12,18
1469,LG생활건강,17,6,23
1470,LG전자,87,55,142
1471,하나금융지주,34,50,84
1472,당일,181,192,373
1473,단기물,200,294,494
1474,오리온,21,20,41
1475,비해,444,573,1017
1476,액수,22,33,55
1477,줄어든,101,199,300
1478,종류,167,183,350
1479,용도,61,105,166
1480,운영자금,37,57,94
1481,좌측,20,26,46
1482,우측,17,22,39
1483,대표,349,745,1094
1484,주관,79,130,209
1485,발행회사,12,22,34
1486,표면금리,40,45,85
1487,KB투자증권,34,71,105
1488,하나대투증권,58,72,130
1489,한화투자증권,23,67,90
1490,환율,1280,2642,3922
1491,금리정책,15,37,52
1492,대응,485,823,1308
1493,밝,17,41,58
1494,시기,424,620,1044
1495,선제,117,196,313
1496,급격,164,211,375
1497,기회,136,287,423
1498,빈번,10,12,22
1499,꾸준,49,95,144
1500,원화채권,102,138,240
1501,순매수세,24,41,65
1502,탈,46,101,147
1503,중위험중수익,9,6,15
1504,추구,65,151,216
1505,이탈,113,147,260
1506,희박,18,20,38
1507,플래트닝,75,64,139
1508,소멸,101,101,202
1509,견고,65,154,219
1510,해지,149,269,418
1511,보일,198,361,559
1512,김,112,265,377
1513,지,38,80,118
1514,출발,247,508,755
1515,관망,26,84,110
1516,금융통화위원회,147,202,349
1517,쏠리,33,50,83
1518,활발,57,100,157
1519,원화,287,481,768
1520,혼재,37,59,96
1521,낮추,154,252,406
1523,국채선물,955,1796,2751
1524,계약,1016,1821,2837
1525,현물시장,31,29,60
1526,일드커브,62,41,103
1527,국고20년,119,104,223
1528,국고1년,22,20,42
1529,국고30년,36,63,99
1530,IBK투자증권,636,232,868
1531,그쳐,24,35,59
1532,쟁점,8,12,20
1533,신중,173,261,434
1534,태도,37,40,77
1535,원론,25,25,50
1537,날,162,447,609
1538,집계,305,698,1003
1539,공급,624,1087,1711
1541,그치,45,62,107
1543,회복국면,26,27,53
1544,김중수,30,22,52
1545,비슷,124,257,381
1546,나타냈,154,279,433
1547,전망수치,7,10,17
1548,부합,100,209,309
1549,속도,368,692,1060
1550,과제,49,124,173
1551,덧붙여,17,12,29
1552,지나친,24,23,47
1554,열려,23,36,59
1555,설명,672,1423,2095
1556,더불,163,220,383
1557,저물가,52,75,127
1558,질문,62,123,185
1559,이어졌,87,171,258
1560,향한,12,26,38
1561,해,228,546,774
1562,명확,61,66,127
1563,답변,645,539,1184
1564,내놓,101,212,313
1565,장중,187,517,704
1566,갈수록,77,86,163
1567,중장기,180,266,446
1571,실제로,158,242,400
1572,따르,926,2360,3286
1573,줄어들,217,312,529
1574,토대,43,87,130
1575,접어들,42,57,99
1576,약한,18,39,57
1577,빨라,14,24,38
1578,유인,62,75,137
1579,늘어나,218,351,569
1580,더딜,13,30,43
1581,긴축,314,680,994
1582,근거,193,214,407
1583,통계청,158,178,336
1584,느릴,13,12,25
1586,취하,20,35,55
1587,흘러,5,15,20
1588,쉽,262,384,646
1589,우리나라,533,562,1095
1591,장외,28,35,63
1592,잔고,240,282,522
1593,연합인포맥스,103,132,235
1594,지난해,1444,3305,4749
1595,겹치,21,37,58
1596,구간,158,316,474
1597,매매,197,307,504
1599,거의,105,178,283
1600,원달러,99,188,287
1601,달러환율,156,281,437
1602,등락,237,331,568
1603,매매동향,21,30,51
1604,상환,292,556,848
1606,맞물려,49,55,104
1607,재투자,38,75,113
1608,나섰,74,138,212
1609,투자자금,41,74,115
1611,테이퍼링,67,83,150
1612,낮췄,29,67,96
1613,외환시장,121,253,374
1614,저점,140,216,356
1616,돌파,174,493,667
1617,성공,248,525,773
1618,까닭,10,9,19
1619,투자대상,16,26,42
1620,매력,155,263,418
1621,작,135,132,267
1622,한계,98,166,264
1623,게다가,59,105,164
1624,주요국,459,590,1049
1625,흔들리,22,36,58
1627,더욱,315,609,924
1628,국한,20,20,40
1629,굵직,7,18,25
1630,달리,204,367,571
1631,채권투자,212,145,357
1632,저조,41,87,128
1633,위,153,225,378
1634,당국,136,221,357
1635,미약,34,58,92
1636,견인,154,221,375
1637,더딘,31,59,90
1638,유의미,15,13,28
1639,사라지,38,46,84
1640,맞,123,288,411
1641,인덱스,38,68,106
1642,외채,108,226,334
1643,박승진,71,148,219
1644,이길영,22,20,42
1645,남미,18,31,49
1646,선전,14,36,50
1647,주춤,116,117,233
1648,상승세,515,869,1384
1649,브렌트유,9,32,41
1650,배럴,109,283,392
1651,산유국,27,56,83
1652,사우디,39,50,89
1653,러시아,365,444,809
1654,원유,140,300,440
1655,생산량,37,76,113
1656,의사,37,45,82
1658,통화,338,747,1085
1659,분류,80,158,238
1660,성과,215,389,604
1661,다양,296,604,900
1662,드라기,30,36,66
1663,조치,324,349,673
1664,나타난,62,85,147
1666,환산,42,42,84
1667,살펴볼,134,90,224
1668,신흥,98,107,205
1669,국과,22,34,56
1671,윤곽,14,14,28
1673,좀,227,335,562
1674,국외,13,31,44
1675,아시아,283,597,880
1676,총수익,36,14,50
1679,느리,24,39,63
1680,부양책,105,172,277
1681,의사록,67,159,226
1682,갖,119,195,314
1683,불안요인,71,80,151
1684,필요성,128,239,367
1685,의견,577,779,1356
1686,일치,31,44,75
1687,각국,97,118,215
1688,구조개혁,28,62,90
1689,재정,494,691,1185
1690,부실,177,305,482
1691,구제,20,19,39
1692,조성,129,246,375
1693,소형,19,63,82
1694,위한,687,1210,1897
1697,올,38,89,127
1698,대형,143,314,457
1699,금융사,45,191,236
1700,대가,9,12,21
1701,부실채권,70,129,199
1702,장애,10,31,41
1704,은행권,198,363,561
1706,마이너스금리,103,449,552
1707,브라질,464,563,1027
1708,하원,61,95,156
1709,탄핵안,17,3,20
1710,표결,22,18,40
1711,탄핵,78,27,105
1712,특별,164,247,411
1713,위원회,114,188,302
1714,호세프,24,12,36
1715,채택,17,31,48
1716,이틀,63,179,242
1717,탄,15,22,37
1718,토론,12,19,31
1719,정당,83,87,170
1720,연립,19,9,28
1721,여당,35,40,75
1722,연합,24,51,75
1723,탈퇴,29,76,105
1724,이어,61,100,161
1725,제,247,432,679
1728,연정,42,16,58
1729,선언,42,86,128
1730,의원,71,94,165
1731,인,89,183,272
1732,찬성,40,43,83
1733,통과,100,177,277
1734,피치,34,60,94
1735,강등,74,142,216
1736,사우디아라비아,7,60,67
1737,대립,17,36,53
1738,국제,474,704,1178
1739,에너지정보청,11,15,26
1740,터키,258,252,510
1741,정책금리,191,359,550
1742,압박,79,137,216
1744,중앙은행총재,13,31,44
1745,임기,54,58,112
1746,만료,13,23,36
1747,국제통화기금,17,40,57
1748,민주,18,39,57
1749,운동,33,39,72
1751,야당,27,22,49
1752,인도,462,668,1130
1753,거듭,44,62,106
1754,실망감,23,33,56
1755,호주,553,342,895
1756,남아공,108,119,227
1757,달러인덱스,200,387,587
1758,지연,240,359,599
1759,스웨덴,175,197,372
1760,말레이시아,128,139,267
1761,태국,268,249,517
1762,인도네시아,266,288,554
1763,베트남,95,136,231
1764,폴란드,134,151,285
1765,체코,64,69,133
1766,콜롬비아,65,73,138
1767,선진,50,60,110
1768,아태,17,13,30
1769,달러화,361,595,956
1770,상승시,43,46,89
1771,절차,88,205,293
1772,돌입,35,73,108
1773,경상,198,224,422
1774,수지,241,236,477
1775,재정정책,139,191,330
1776,힘입,173,328,501
1777,신용리스크,9,31,40
1778,노르웨이,108,110,218
1779,S&P,226,518,744
1780,달러화지수,10,16,26
1781,맞물리,27,39,66
1782,나서,165,273,438
1783,엔달러,92,118,210
1784,엔,563,1097,1660
1785,국민투표,10,18,28
1787,총리,77,125,202
1789,페이퍼,12,4,16
1790,스캔들,26,10,36
1792,달러지수,16,18,34
1793,엔화,248,755,1003
1794,파운드화,9,35,44
1795,영국국채,16,15,31
1796,파운드,82,98,180
1797,국채선물시장,70,79,149
1798,물가채,80,65,145
1799,확정,108,211,319
1800,정권,63,79,142
1801,하루,142,282,424
1803,원,320,318,638
1805,불안,242,523,765
1806,막,105,173,278
1807,표명,72,88,160
1808,시현,41,46,87
1809,헤알화,53,42,95
1811,헤알,78,79,157
1812,링깃,16,12,28
1813,루피화,20,16,36
1815,루피,57,56,113
1816,루피아,51,48,99
1817,드,41,49,90
1818,리라화,8,10,18
1821,채,65,136,201
1822,리라,42,44,86
1823,자금시장,13,31,44
1824,반면,577,1100,1677
1825,채권펀드,36,20,56
1826,순유입,102,129,231
1827,하이일드채권,61,36,97
1829,기저효과,123,148,271
1830,물가연동채,17,15,32
1831,물가연동국채,16,79,95
1832,월초,7,11,18
1833,조원대,17,39,56
1834,매수세,331,429,760
1835,의구심,34,60,94
1836,대만,241,230,471
1837,필리핀,110,158,268
1840,일부위원,325,281,606
1841,지난달,273,495,768
1842,대체로,112,179,291
1843,세월,8,38,46
1844,사고,41,70,111
1845,여파,113,246,359
1846,부문,477,831,1308
1847,국민연금,70,58,128
1848,연계,113,201,314
1849,기초,91,191,282
1852,제도,220,410,630
1853,지원,1019,2210,3229
1854,고령,45,44,89
1855,소비성향,24,32,56
1856,진작,16,39,55
1858,불투명,38,45,83
1859,민간,491,770,1261
1860,실적치,11,10,21
1861,나,41,106,147
1862,벗어날,18,17,35
1863,새롭,41,81,122
1864,대두,43,84,127
1865,견해,588,615,1203
1866,관련부서,1160,856,2016
1867,지켜보,23,49,72
1868,다음,419,768,1187
1869,서비스업,177,214,391
1870,모니터링,76,152,228
1871,지속성,59,41,100
1872,이름,27,60,87
1873,소규모,13,43,56
1874,미친,44,77,121
1875,동위원,888,750,1638
1876,금융안정,94,125,219
1877,의한,107,96,203
1878,시사점,28,39,67
1879,유의,162,278,440
1880,나타남,22,23,45
1881,당행,68,108,176
1882,보고서,230,495,725
1883,소개,84,145,229
1884,유동성,583,821,1404
1885,무관,29,60,89
1886,신용,456,788,1244
1887,주택가격,199,308,507
1888,금년,342,402,744
1889,상당히,140,235,375
1890,파장,8,16,24
1892,성장성,45,58,103
1893,이자보상비율,2,14,16
1894,불확실,106,122,228
1895,보수,147,240,387
1896,경영,107,379,486
1897,행태,32,43,75
1898,이해,74,132,206
1899,어떻,26,31,57
1900,급격히,81,124,205
1901,위원,337,478,815
1902,맥락,58,46,104
1903,첨언,243,138,381
1904,석유,104,163,267
1905,식료품,65,68,133
1906,에너지제외지수,18,18,36
1907,각종,137,178,315
1908,수요측면,47,73,120
1909,공업,26,40,66
1910,제품,137,269,406
1911,끝,54,121,175
1912,상호,39,35,74
1913,의존도,65,73,138
1914,태평양,18,42,60
1915,연구,115,177,292
1916,개방경제,8,19,27
1917,세계화,15,7,22
1919,저인플레이션,6,16,22
1920,당,72,79,151
1921,행이,27,29,56
1924,외생,10,7,17
1925,화의,10,16,26
1926,측정,85,44,129
1927,설명력,14,7,21
1928,공급측면,20,54,74
1929,보인다는,159,179,338
1930,유로지역,78,104,182
1931,속보,6,20,26
1933,주로,192,284,476
1934,활용,346,648,994
1936,중시,22,23,45
1937,양,21,25,46
1938,사례,178,399,577
1939,한양,17,15,32
1941,유발,52,83,135
1942,커뮤니케이션,39,80,119
1943,초래,49,82,131
1944,소지,34,47,81
1945,체계,71,182,253
1946,통화신용정책,14,18,32
1947,잘,113,233,346
1948,보완,42,62,104
1949,데이터,235,472,707
1950,발굴,40,90,130
1952,충분히,151,213,364
1953,좁히,17,34,51
1954,노력,192,377,569
1955,수량,156,303,459
1956,편제,4,11,15
1958,R&D,17,81,98
1959,신규,581,947,1528
1960,새로운,204,338,542
1961,통계,133,149,282
1963,포괄,27,24,51
1964,범위,203,321,524
1965,가중치,46,26,72
1966,기성,11,20,31
1967,산업활동,42,15,57
1968,부가가치,10,24,34
1969,다름,9,6,15
1970,예컨대,10,20,30
1971,스마트폰,10,50,60
1973,폰,3,29,32
1975,잡히,15,27,42
1976,힘,171,385,556
1977,고정,136,229,365
1979,쓰,52,96,148
1980,연쇄,8,24,32
1981,매번,11,12,23
1982,품질,18,19,37
1983,이루어지,14,13,27
1984,지나,69,121,190
1986,개편,69,111,180
1987,만일,50,68,118
1988,마련,256,496,752
1989,대체,113,138,251
1990,덧붙였,331,565,896
1991,보충,1,30,31
1992,제약,197,382,579
1993,먼저,156,232,388
1994,품목,158,184,342
1995,사업체,7,10,17
1996,시한,17,27,44
1997,따라서,106,141,247
1998,삼성전자,108,429,537
1999,휴대폰,13,19,32
2002,협의,51,96,147
2003,계절조정,44,48,92
2005,월별,41,50,91
2007,와,7,20,27
2008,앞서,259,505,764
2009,가공,19,22,41
2012,순환변동치,36,28,64
2013,삼,43,98,141
2014,장점,41,99,140
2015,단순히,25,40,65
2016,올라온,8,20,28
2017,상당,169,254,423
2018,재차,107,185,292
2019,강조,329,758,1087
2020,비록,66,76,142
2021,힘들,67,93,160
2022,사건,43,73,116
2023,다루,11,17,28
2024,동,74,65,139
2025,심층,19,15,34
2026,소비재,57,94,151
2027,위축,329,514,843
2028,교란,24,25,49
2029,취할,21,23,44
2030,준비,135,287,422
2031,외국,56,115,171
2033,지방,190,343,533
2034,보조금,86,81,167
2035,지급,230,438,668
2036,실패,73,173,246
2038,요구,133,296,429
2039,결렬,13,5,18
2040,수입품,7,17,24
2041,올렸,33,98,131
2042,지시,14,20,34
2043,달러원환율,36,59,95
2044,달러위안,65,156,221
2045,전개,105,136,241
2046,폐기,12,40,52
2047,중앙정부,16,24,40
2049,형태,52,131,183
2050,관행,20,33,53
2052,모델,45,163,208
2053,단기간,88,118,206
2054,고성장,13,12,25
2055,경쟁력,131,237,368
2056,획득,26,25,51
2057,자생력,6,17,23
2058,떨어뜨리,13,13,26
2059,부작용,43,82,125
2060,낳,10,32,42
2061,비은행,22,58,80
2062,상장기업,20,31,51
2063,순이익,146,108,254
2064,상장,282,635,917
2065,순손실,12,24,36
2066,폐지,52,135,187
2067,간,377,818,1195
2068,전세계,123,232,355
2070,부양정책,32,19,51
2071,철폐,10,32,42
2072,포기,18,51,69
2073,환호,11,18,29
2074,우세,81,146,227
2075,현안,29,43,72
2076,무게,93,141,234
2077,보복,11,17,28
2078,공론,9,7,16
2079,패권,7,12,19
2080,전쟁,54,185,239
2081,명령,14,26,40
2082,막판,44,31,75
2083,코스피지수,62,206,268
2084,올라섰,21,46,67
2085,S&P500지수,109,205,314
2086,고점,120,270,390
2087,절반,90,222,312
2088,반납,22,44,66
2089,하락세,318,607,925
2090,주말,145,196,341
2091,놓,32,55,87
2092,첨예,4,12,16
2093,알려졌,59,115,174
2095,공정,41,70,111
2097,과잉,51,94,145
2099,이행,40,116,156
2100,소요,53,85,138
2102,S&P500,102,193,295
2103,주봉,15,27,42
2104,되돌림,60,125,185
2105,광범위,23,37,60
2106,회원국,8,56,64
2108,간주,13,34,47
2109,매년,50,98,148
2110,자국,54,81,135
2111,통보,14,29,43
2112,의무,40,115,155
2118,보조,25,35,60
2121,금융지원,77,191,268
2122,이자,683,909,1592
2124,자동차부품,37,67,104
2125,구매,92,215,307
2126,부품,71,131,202
2127,차량,51,106,157
2129,투입,73,178,251
2130,조선,172,241,413
2131,부가세,7,14,21
2132,우대,59,134,193
2133,설립,100,130,230
2134,선박,52,51,103
2135,조기,218,547,765
2136,건조,16,19,35
2137,예산,136,186,322
2138,세제,83,117,200
2141,합병,108,78,186
2142,재편,37,42,79
2143,세수,49,114,163
2148,요건,82,179,261
2149,중소기업,199,647,846
2150,세액공제,13,33,46
2153,기술기업,16,21,37
2154,구조조정,359,474,833
2156,전자,69,100,169
2157,상,58,145,203
2158,사회,149,288,437
2159,보험료,162,69,231
2160,납부,48,79,127
2161,연기,34,56,90
2162,요율,8,13,21
2163,비철금속,19,16,35
2166,배치,18,59,77
2167,장비,96,225,321
2168,제조,43,103,146
2169,국산,6,26,32
2171,부가가치세,14,13,27
2172,절약,9,13,22
2174,소득세,46,39,85
2175,감면,46,132,178
2177,지원자금,5,12,17
2178,소프트웨어,32,71,103
2180,우대금리,143,185,328
2182,물류,38,76,114
2184,경제정책,71,114,185
2185,연구원,700,1813,2513
2187,이른다,13,35,48
2189,전기,128,199,327
2190,현실화,77,141,218
2191,원가,58,78,136
2192,준하,12,8,20
2193,공개,247,521,768
2194,공화당,43,82,125
2195,민주당,97,148,245
2196,강경,8,20,28
2197,트위터,8,9,17
2198,재선,5,11,16
2199,된다면,20,12,32
2200,훨씬,89,111,200
2202,현명,7,12,19
2203,행동,25,34,59
2204,경고,61,183,244
2205,남겼,5,10,15
2207,의지,114,170,284
2208,위안화,161,331,492
2210,가까워졌,7,9,16
2211,순익,20,11,31
2212,존,24,50,74
2213,언,8,9,17
2214,보도,93,180,273
2216,저항선,20,36,56
2217,부재,74,134,208
2218,위안,173,314,487
2219,사항,118,191,309
2224,실업,45,35,80
2225,희망,138,187,325
2226,아예,15,25,40
2228,지적재산권,80,64,144
2229,강제,12,26,38
2230,기술이전,9,9,18
2231,해결,107,259,366
2232,공감대,14,23,37
2233,대안,62,119,181
2234,해야,36,101,137
2236,대중,26,55,81
2237,변하,27,49,76
2241,자유무역,6,10,16
2242,체제,37,73,110
2243,주도,191,356,547
2245,견제,17,21,38
2249,당연,31,34,65
2251,연결,215,151,366
2252,메리트,220,155,375
2253,높인다는,11,5,16
2254,갈등,82,197,279
2255,동시,137,303,440
2256,움직일,29,50,79
2257,걸림돌,16,27,43
2258,자본,479,651,1130
2259,전제,119,174,293
2261,상환능력,94,42,136
2262,건전,28,34,62
2263,플랜,10,9,19
2264,명확히,16,36,52
2265,활동,148,301,449
2266,장려,12,15,27
2267,그칠,66,82,148
2268,이내,87,192,279
2269,동행,61,73,134
2271,횡보,65,108,173
2272,보인다고,483,310,793
2275,최고,267,558,825
2276,나타낸,30,59,89
2279,끝나,24,41,65
2280,달,255,593,848
2281,그렇게,36,60,96
2282,확신,118,268,386
2283,어려우,13,16,29
2284,경제주체,123,171,294
2285,언제,37,30,67
2286,관건,55,102,157
2288,중순,77,136,213
2290,투자심리,262,273,535
2291,바꿨,6,12,18
2293,금융위기,218,268,486
2295,글로벌가치사슬,7,8,15
2296,의해,68,111,179
2298,자본재,38,63,101
2299,중간재,42,23,65
2300,내수시장,10,8,18
2302,노동,125,190,315
2303,생산성,79,153,232
2305,절상,112,200,312
2306,중견,75,84,159
2307,대기업,105,216,321
2308,채산성,6,14,20
2309,고용감소,1,17,18
2310,낙수효과,10,18,28
2311,저성장,74,72,146
2312,빠지,27,61,88
2313,위해서,171,295,466
2314,운용,441,620,1061
2315,우선순위,25,32,57
2316,선택,236,324,560
2317,질의,171,69,240
2318,취지,36,85,121
2320,유효수요,53,44,97
2321,통하,8,27,35
2322,수출산업,5,10,15
2323,육성,46,113,159
2324,거시경제,60,76,136
2326,정확히,34,39,73
2327,어려운,166,328,494
2328,소매업,26,28,54
2329,음식,16,33,49
2330,숙박업,9,17,26
2331,베이비부머,2,15,17
2332,세대,82,292,374
2333,창업,34,92,126
2334,업종별,71,204,275
2335,추후,38,58,96
2336,중기,124,270,394
2338,탈피,26,32,58
2339,예금,269,442,711
2340,내려가,46,86,132
2341,서두를,28,16,44
2342,절하,90,144,234
2344,동인,9,23,32
2346,찾아보,11,12,23
2347,강하,90,128,218
2348,소비세,8,17,25
2349,아베노믹스,11,22,33
2350,국제기구,21,22,43
2352,행도,6,12,18
2353,하한,8,28,36
2355,영,54,62,116
2356,불균형,63,94,157
2357,금년도,32,23,55
2358,더디,33,43,76
2359,정체,37,105,142
2360,침체,321,589,910
2361,경기순환,23,38,61
2362,고령화,81,105,186
2363,인구구조,32,34,66
2365,노후,42,48,90
2366,저축,115,200,315
2367,연령,43,58,101
2368,균형,67,152,219
2369,구매력,22,36,58
2372,가계,803,1090,1893
2373,부채,988,1067,2055
2375,구조변화,25,29,54
2376,모형,49,82,131
2377,어려움,141,322,463
2378,통상,72,186,258
2379,축적,22,37,59
2382,유념,28,24,52
2383,미진,10,11,21
2384,설령,9,12,21
2385,분해,15,18,33
2387,개연,18,19,37
2388,시차,119,115,234
2391,분배,11,57,68
2393,의해서,6,11,17
2396,회귀,19,31,50
2397,이용,234,459,693
2398,사후,13,15,28
2399,현시점,4,30,34
2400,실물,218,259,477
2401,나와,16,42,58
2403,볼,213,294,507
2404,필립스곡선,22,19,41
2405,나타난다고,11,9,20
2406,추경예산,8,8,16
2407,집행,95,168,263
2408,기자간담회,36,106,142
2409,추경,143,117,260
2410,컨센서스,145,247,392
2411,후행,16,35,51
2412,미래,172,307,479
2413,불가능,44,66,110
2414,상저하고,11,18,29
2415,모멘텀,272,436,708
2417,공조,52,49,101
2418,여신,78,141,219
2419,흥국,13,14,27
2420,급등세,34,55,89
2421,진정,131,142,273
2423,외인,258,400,658
2424,소화,71,145,216
2425,오창섭,250,438,688
2426,부담감,16,37,53
2428,시일,17,33,50
2429,걸릴,21,38,59
2430,호전,51,76,127
2432,높여,42,79,121
2433,결정문,16,36,52
2434,유럽중앙은행,34,144,178
2435,중앙은행,308,642,950
2436,건전화,8,10,18
2437,추진,296,572,868
2438,반복,87,146,233
2439,면,108,203,311
2440,취업자수,157,163,320
2441,마이너스GDP,30,42,72
2442,나타낼,96,76,172
2444,인플레이션율,112,159,271
2445,나타냄,20,20,40
2446,특이,18,18,36
2447,주택매매가격,20,29,49
2448,수도권,176,197,373
2449,이어짐,10,11,21
2450,보합세,35,71,106
2451,보였으며,22,22,44
2452,오름세,197,293,490
2453,어감,22,12,34
2454,올랐으며,11,26,37
2455,상당폭,86,82,168
2456,추가경정예산,5,13,18
2457,면밀,24,28,52
2458,기대심리,35,53,88
2459,잠재력,27,55,82
2460,훼손,47,62,109
2461,위험요인,46,87,133
2462,발표문,5,14,19
2464,표시,142,203,345
2465,기자,704,1809,2513
2466,한국은행총재,57,128,185
2467,벗어나,108,189,297
2468,세계은행,11,40,51
2469,예전,24,26,50
2470,파급효과,60,47,107
2471,다변화,39,60,99
2473,대처,20,43,63
2474,빠를,11,12,23
2475,미리,39,76,115
2476,내다보,39,48,87
2479,모르,24,41,65
2480,확실,36,98,134
2481,그때,28,25,53
2483,메리츠종금증권,144,253,397
2484,리서치센터,1063,1580,2643
2485,발간,32,73,105
2486,목록,17,23,40
2487,목,124,147,271
2488,고착화,32,63,95
2489,자산배분,32,169,201
2490,고찰,5,14,19
2491,변곡점,31,58,89
2492,시대,61,154,215
2493,구조화채권,15,19,34
2494,길라잡이,7,18,25
2495,데자뷰,5,10,15
2496,파생상품,35,52,87
2497,투자전략,112,163,275
2498,바닥,119,158,277
2499,한국형,12,41,53
2500,토빈세,14,8,22
2501,도입,284,589,873
2502,거래세,18,8,26
2503,박근혜,28,33,61
2504,타이밍,52,52,104
2505,원리금,76,166,242
2506,경기사이클,20,40,60
2507,상승국면,23,24,47
2508,키워드,12,54,66
2509,나설,119,287,406
2510,제안,143,257,400
2511,선물환,74,14,88
2512,포지션,186,278,464
2513,주의,64,106,170
2514,반,120,242,362
2515,짧,49,74,123
2516,재정절벽,23,39,62
2517,넘기,17,32,49
2518,장세,118,202,320
2519,위험관리,39,56,95
2521,전철,8,20,28
2523,매수기회,37,46,83
2525,고지,19,30,49
2526,계열회사,64,62,126
2527,유가증권,126,114,240
2528,시장조성,14,22,36
2529,주간사,11,16,27
2530,참여,218,279,497
2531,게재,31,28,59
2532,본인,106,148,254
2533,부당,110,134,244
2534,간섭,103,112,215
2535,작성자,129,145,274
2536,오차,25,34,59
2537,완벽,15,26,41
2538,패턴,86,118,204
2539,이베스트투자증권,419,742,1161
2540,김문일,11,15,26
2541,주제,26,94,120
2542,시장참여자,17,50,67
2543,해서,32,90,122
2544,확연히,9,11,20
2545,손실,273,501,774
2546,사람,77,185,262
2548,수익,329,474,803
2549,바로,48,133,181
2550,유명,18,32,50
2551,매크로,51,78,129
2552,유리,109,169,278
2553,감사,21,55,76
2554,머지않,6,20,26
2555,빅,80,193,273
2558,목요일,13,25,38
2559,그쳤,86,119,205
2560,실효,23,100,123
2561,가,172,307,479
2562,포인트,1213,2839,4052
2563,물리,14,16,30
2564,더이상,50,71,121
2565,연방기금,68,117,185
2567,우위,63,219,282
2568,채권자금,43,62,105
2569,그래프,18,25,43
2570,뚜렷,127,228,355
2571,감소세,65,139,204
2572,보유량,7,32,39
2573,리스크관리,47,117,164
2574,듀레이션,238,244,482
2575,년,90,76,166
2576,오른,665,1613,2278
2577,급감,57,133,190
2578,중점,38,62,100
2579,시장참가자,38,69,107
2580,무시,19,32,51
2581,틀,30,60,90
2582,향방,31,70,101
2583,철회,34,60,94
2584,이야기,49,101,150
2585,달라질,55,64,119
2586,내린,351,1108,1459
2587,부근,33,72,105
2589,본원통화,18,12,30
2590,예금은행,28,31,59
2591,예치금,18,20,38
2592,합한,8,10,18
2593,나타낸다,8,17,25
2594,급증,157,272,429
2596,결제비중,9,7,16
2598,행간,9,11,20
2599,헝가리,154,167,321
2600,포린트,36,36,72
2603,용이,16,27,43
2604,무리,45,62,107
2606,커질,109,188,297
2607,가속,68,122,190
2609,실행,76,170,246
2610,이어져,49,54,103
2611,금리선물,57,93,150
2612,확률,102,232,334
2613,개선세,90,104,194
2614,경제활동참가율,14,24,38
2615,내렸,39,164,203
2616,이어진다면,6,17,23
2620,오래,54,64,118
2622,일본은행,95,578,673
2623,장기물,271,434,705
2626,차별화,161,257,418
2627,장단기금리스프레드,25,3,28
2628,특성,72,109,181
2629,환헷지,18,55,73
2630,민감도,42,47,89
2631,스티프닝,41,43,84
2632,근처,12,17,29
2633,배팅,8,23,31
2635,자금흐름,78,75,153
2636,부인,11,21,32
2637,주요국가,26,32,58
2638,비해서,58,57,115
2639,영란은행,8,39,47
2640,행보,24,58,82
2642,늦추,34,52,86
2643,국민,264,491,755
2644,붕괴,33,53,86
2647,불만,26,32,58
2648,반감,4,11,15
2649,귀결,13,15,28
2650,국인,6,10,16
2653,비롯,187,387,574
2654,여론조사,21,17,38
2657,대전,21,88,109
2660,낼,19,68,87
2662,보인다면,5,12,17
2663,키울,11,41,52
2665,내포,11,27,38
2667,해도,94,189,283
2668,선호심리,48,103,151
2669,오른다면,10,6,16
2670,잔류,5,16,21
2671,유로달러,30,36,66
2672,유럽연합,22,58,80
2675,외환,118,78,196
2676,달러엔,123,278,401
2677,버냉키,40,33,73
2678,상관계수,9,13,22
2681,가질,29,60,89
2682,가까운,79,92,171
2683,미일,8,29,37
2684,연관,33,59,92
2685,기준일,13,12,25
2686,정한,10,26,36
2688,연준의장,104,184,288
2691,금리차이,10,25,35
2692,메르스,17,18,35
2693,심한,15,12,27
2694,내구재,92,79,171
2696,메르스사태,9,26,35
2697,역성장,31,33,64
2699,건설업,120,143,263
2701,형국,8,12,20
2702,성장기여도,43,47,90
2703,처음,192,394,586
2705,불안감,76,94,170
2706,돈,128,207,335
2707,빌려,30,52,82
2708,주체,55,74,129
2709,선순환,20,72,92
2710,덴마크,64,64,128
2711,원금,32,124,156
2712,보존,7,11,18
2713,받아들이,9,26,35
2714,떨어진다,8,14,22
2715,수단,99,132,231
2716,기준금리차이,6,14,20
2718,한계점,11,13,24
2720,반작용,12,22,34
2721,버블,43,85,128
2723,영화,9,54,63
2724,주인공,5,14,19
2725,마이클,11,17,28
2727,모기지,112,145,257
2728,공매도,25,100,125
2730,만드,28,54,82
2731,나온다,159,387,546
2732,헷지,9,46,55
2733,상품,652,1395,2047
2734,대체투자,43,64,107
2735,채무자,27,30,57
2737,떨어지,105,195,300
2738,자산유동화증권,17,34,51
2739,늘렸,22,40,62
2740,혼,11,73,84
2741,이자이,10,74,84
2742,신문,24,144,168
2743,미쓰비시,4,12,16
2744,도쿄,51,171,222
2746,자격,31,62,93
2748,상반,37,60,97
2749,현지,389,973,1362
2750,화요일,5,15,20
2751,수요일,9,13,22
2752,바뀔,24,39,63
2753,약해질,9,14,23
2755,된다고,19,22,41
2757,노릴,4,15,19
2758,주가지수,37,74,111
2759,프리미엄,148,312,460
2760,홍콩,174,265,439
2761,돕,115,175,290
2762,제작,131,119,250
2763,리서치,699,720,1419
2764,본부,640,686,1326
2765,바라,114,149,263
2766,저작물,70,82,152
2767,저작권,68,83,151
2768,전송,68,79,147
2769,변형,72,82,154
2770,제3자,73,76,149
2771,추천종목,133,130,263
2772,전일,360,516,876
2773,배우자,48,54,102
2774,관련자,37,43,80
2775,국내은행,84,121,205
2776,지주,56,131,187
2778,자기자본비율,32,40,72
2779,잠정,47,83,130
2780,자기자본,44,96,140
2784,덕,18,52,70
2785,처분,27,85,112
2786,대손상각,2,15,17
2787,정리,101,256,357
2788,풀이,93,273,366
2789,바젤III,11,19,30
2790,규제비율,14,40,54
2793,차감,31,57,88
2794,자본비율,72,89,161
2795,확충,129,163,292
2796,무디스,69,88,157
2797,대출자산,12,12,24
2799,국책은행,41,20,61
2800,우발채무,36,45,81
2801,경기민감업종,23,16,39
2803,현물출자,6,10,16
2804,유일,45,122,167
2805,총자본비율,14,22,36
2807,감축,38,99,137
2808,코코본드,82,115,197
2809,시중,97,165,262
2810,탓,73,133,206
2811,동기간,8,17,25
2812,상승기,49,46,95
2814,시급,25,41,66
2815,제주은행,10,10,20
2816,전북은행,10,28,38
2819,영구채,14,43,57
2820,김태형,12,17,29
2822,금융감독원,82,183,265
2823,보통주,59,82,141
2824,증감,95,62,157
2825,일반은행,47,36,83
2826,지방은행,9,33,42
2827,외화,83,118,201
2828,대출금,63,101,164
2830,익스포져,28,63,91
2831,당기순이익,172,60,232
2833,대출채권,40,58,98
2836,해운업,24,14,38
2837,대손비용,18,9,27
2838,합산,69,102,171
2839,총자본,3,19,22
2840,업체,315,567,882
2841,씨티,27,47,74
2842,경남,23,54,77
2843,광주,25,98,123
2844,대구,31,46,77
2845,전북,9,22,31
2846,부산,70,117,187
2847,제주,13,49,62
2848,수출입,40,97,137
2849,농협,40,105,145
2850,KB금융,39,47,86
2851,신한지주,20,17,37
2852,고정이하여신,6,31,37
2853,전면,33,70,103
2854,합산비율,27,2,29
2855,연체,43,167,210
2856,연체율,109,146,255
2857,선정,106,202,308
2858,BNK금융지주,15,17,32
2859,JB금융지주,13,4,17
2860,수협,19,17,36
2861,영업,223,286,509
2862,신정부,45,22,67
2863,출범,45,49,94
2864,삼성중공업,37,44,81
2865,익스포저,29,58,87
2866,지급보증,17,26,43
2867,조선업,42,46,88
2868,주택담보,6,10,16
2869,후순위채권,21,44,65
2870,우리은행,71,221,292
2871,광주은행,7,31,38
2872,농협은행,40,93,133
2873,기업은행,62,96,158
2874,대구은행,18,34,52
2875,하나은행,102,320,422
2876,경남은행,12,47,59
2877,콜,63,127,190
2878,신종자본증권,87,151,238
2879,수은,2,38,40
2881,성명문,4,24,28
2885,표현,53,108,161
2886,단어,14,17,31
2887,분분,6,13,19
2888,드러난,9,20,29
2890,잃,28,29,57
2891,지키,16,21,37
2892,미세조정,11,19,30
2893,쏠려,6,15,21
2894,사실상,77,125,202
2895,포진,9,14,23
2896,전병,82,109,191
2897,코멘트,48,55,103
2898,전병하,24,39,63
2899,예견,9,15,24
2900,드러났,11,23,34
2902,제롬,101,288,389
2903,투명,33,33,66
2904,서두,14,13,27
2905,결정시,11,15,26
2906,늘어났,64,121,185
2907,결코,6,23,29
2910,다수,60,108,168
2911,흥미,14,33,47
2912,반증,11,9,20
2913,제어,25,60,85
2915,단기자금시장,20,118,138
2916,지켜볼,27,51,78
2917,다가오,15,29,44
2919,성명서,21,81,102
2920,견실,29,30,59
2922,기정사실화,8,9,17
2923,필자,9,8,17
2924,금번,114,118,232
2925,일제히,162,359,521
2926,승리,33,50,83
2927,고무,13,29,42
2928,끌,62,164,226
2929,올려,23,40,63
2930,윤민,7,13,20
2931,소통,21,76,97
2932,개최,67,166,233
2934,늘어날,86,127,213
2935,도표,82,59,141
2936,성명,35,81,116
2938,촉진,52,111,163
2939,상하,8,17,25
2940,맞춰,47,105,152
2941,타당,23,41,64
2942,주어진,10,9,19
2943,이뤄질,40,68,108
2944,대차대조표,31,80,111
2945,교보증권,18,39,57
2946,학술,10,10,20
2947,논문,6,10,16
2948,인용,37,89,126
2949,이경록,15,9,24
2950,캐피탈사,42,85,127
2952,연평균,59,79,138
2953,이익,244,413,657
2954,창출력,22,12,34
2956,유동성비율,3,20,23
2957,벌어졌,18,36,54
2958,양극화,54,63,117
2959,경쟁심,9,14,23
2960,캐피탈,108,97,205
2961,대주주,37,50,87
2962,열위,16,14,30
2963,금리격차,26,44,70
2964,여전사,28,23,51
2968,능력,73,155,228
2969,급여,69,74,143
2972,여천,11,17,28
2973,상대,87,105,192
2974,미래에셋대우,244,424,668
2975,벌어져,8,9,17
2977,든든,9,23,32
2978,주된,9,40,49
2979,자동차금융,5,16,21
2981,쏠림현상,7,28,35
2982,압도,23,59,82
2983,현대캐피탈,5,49,54
2984,단순,78,66,144
2985,평균값,7,21,28
2986,수입차,27,21,48
2987,탄탄,60,137,197
2988,산,43,58,101
2989,롯데,155,210,365
2990,메리츠,17,33,50
2991,애,15,30,45
2992,큐,6,14,20
2993,온,99,42,141
2994,아주,68,66,134
2995,벌어지,17,29,46
2996,하락시,9,43,52
2997,쫓,9,19,28
2998,지나치,38,59,97
2999,애널리스트,50,117,167
3000,허락,78,61,139
3001,안주영,12,7,19
3002,건설채,17,41,58
3003,걱정,50,88,138
3004,미분양,63,98,161
3006,적체,7,9,16
3007,들어서,32,46,78
3008,순증,73,32,105
3009,서울,724,1778,2502
3010,순위,51,166,217
3011,청약,91,236,327
3012,잔여,14,33,47
3013,물량,356,517,873
3014,위협,36,90,126
3016,증권사,164,423,587
3017,분담,11,50,61
3018,됨,11,19,30
3019,해외부문,8,16,24
3020,연착륙,51,165,216
3021,모처럼,12,24,36
3022,하향세,12,11,23
3023,최고치,209,590,799
3024,사상,224,491,715
3025,최대치,30,78,108
3026,국민은행,61,277,338
3027,다,143,327,470
3028,선방,16,28,44
3029,연중,68,97,165
3030,항상,19,25,44
3031,포트폴리오,193,346,539
3032,아파트,276,588,864
3033,분양,226,299,525
3034,잔여세대,1,14,15
3035,만호,9,12,21
3036,어닝쇼크,12,37,49
3037,주범,8,16,24
3038,준공,40,78,118
3039,완료,69,125,194
3040,막바지,7,17,24
3042,사업장,132,298,430
3043,그만큼,59,97,156
3045,미청구공사,30,9,39
3046,회수,81,93,174
3047,흡수력,12,19,31
3048,일관,12,31,43
3049,공사장,3,12,15
3050,추적,12,17,29
3051,사업보고서,7,24,31
3052,막대,24,54,78
3053,현대,117,148,265
3055,대림,40,26,66
3056,대우,27,61,88
3057,포스코,84,171,255
3058,플랜트,33,43,76
3059,흑자전환,18,53,71
3060,GS건설,23,47,70
3061,충당금,100,88,188
3062,환입,27,13,40
3063,이익률,17,18,35
3064,호황,39,52,91
3066,공시기준,18,9,27
3067,전국,144,261,405
3068,나눠,35,27,62
3070,직후,81,140,221
3072,분양시장,13,21,34
3074,완충,43,70,113
3075,직전,219,376,595
3076,위시,7,10,17
3077,금융기관,179,334,513
3078,보증,126,336,462
3079,나누,22,40,62
3080,매출채권,14,11,25
3081,생겼,14,33,47
3082,별도,52,128,180
3083,현대건설,32,57,89
3084,대림산업,33,39,72
3085,대우건설,66,62,128
3086,한화건설,25,25,50
3087,모집,187,339,526
3088,폴리실리콘,2,13,15
3090,케미칼,4,13,17
3091,사업부문,22,49,71
3093,태양광,16,48,64
3094,구조,191,294,485
3095,내려온,14,23,37
3096,적자전환,13,14,27
3097,연환산,27,30,57
3098,상이,34,44,78
3099,넥센타이어,9,13,22
3100,몰리,53,114,167
3101,뜨거운,20,39,59
3102,조선호텔,8,12,20
3104,아웃룩,21,7,28
3106,미매각,99,159,258
3107,롯데제과,10,12,22
3108,KB증권,67,118,185
3110,예스코,15,29,44
3111,홀딩스,56,137,193
3112,호텔롯데,25,27,52
3113,동원산업,21,7,28
3115,팬오션,8,7,15
3116,볼드체,10,11,21
3117,릭,4,13,17
3118,감액,7,32,39
3119,체결,108,217,325
3122,한국자산신탁,6,12,18
3123,트랜,22,129,151
3124,시스,19,17,36
3126,LG유플러스,48,63,111
3127,토지,42,81,123
3128,리츠,130,456,586
3130,부동산투자회사,8,13,21
3131,키스,11,22,33
3134,호텔,44,90,134
3135,선,311,826,1137
3136,영업자산,10,7,17
3137,현대일렉트릭,9,18,27
3138,앤,117,167,284
3139,삼화페인트공업,18,9,27
3141,업계,206,458,664
3143,아주캐피탈,18,30,48
3144,우수,139,244,383
3145,맥주,9,9,18
3147,사업자,48,116,164
3148,취급,69,149,218
3150,한국신용평가,34,58,92
3151,중단기,22,42,64
3152,유통,149,248,397
3153,수,149,236,385
3154,사발,5,10,15
3155,행사,96,177,273
3156,대성홀딩스,18,11,29
3158,현대제철,67,92,159
3159,S-Oil,18,27,45
3160,KB캐피탈,10,16,26
3165,회,15,32,47
3166,한국항공우주,27,22,49
3167,해운,88,77,165
3168,강원도,12,22,34
3169,개발공사,26,30,56
3170,LG디스플레이,21,37,58
3172,도시,106,211,317
3173,한화,145,257,402
3174,어로,8,36,44
3175,스페이스,19,37,56
3176,꽤,36,36,72
3177,약해졌,9,20,29
3178,분쟁,91,189,280
3179,갱신,26,61,87
3180,횡보세,14,10,24
3181,욕구,16,22,38
3182,기말,19,10,29
3184,약하,17,24,41
3185,다운,7,15,22
3186,참조,35,49,84
3187,산금채,65,81,146
3188,중금채,25,22,47
3189,주전,89,70,159
3190,보유기간,21,20,41
3192,산식,9,9,18
3193,이자율,109,188,297
3195,수익률곡선,153,247,400
3196,가상,92,241,333
3197,벤치마크,96,158,254
3198,평가이익,7,18,25
3199,긴,42,72,114
3200,매매수수료,9,7,16
3201,이자소득세,11,24,35
3202,보간법,9,7,16
3203,단가,40,72,112
3204,계산,87,82,169
3205,추산,28,63,91
3206,구성종목,14,30,44
3207,상세,21,25,46
3208,편입,178,163,341
3209,편입비중,22,11,33
3210,이표,27,92,119
3211,잔존만기,165,275,440
3212,비고,13,20,33
3213,대한항공,104,51,155
3215,포스코건설,29,28,57
3216,가중평균,99,174,273
3217,평가손익,12,11,23
3218,적순,90,91,181
3220,주안점,9,12,21
3221,취한,6,9,15
3222,일어날,11,19,30
3223,바람직,55,68,123
3225,기미,15,14,29
3226,나아지,10,25,35
3227,항공기,16,35,51
3231,소위,11,28,39
3232,불황형,9,14,23
3233,반박,8,16,24
3234,좌우,40,53,93
3236,성격,56,108,164
3237,억제,82,115,197
3239,부동산시장,146,241,387
3240,중산층,13,20,33
3241,소득,334,429,763
3242,깊이,13,21,34
3244,진전,59,100,159
3245,총수요,16,30,46
3246,줄어드,39,66,105
3247,생산능력,6,31,37
3250,저출산,35,55,90
3251,급속,13,13,26
3252,얼마나,63,114,177
3253,신장세,6,12,18
3256,직면,43,78,121
3257,계층,32,30,62
3258,젊은층,10,27,37
3259,취업,11,42,53
3262,인구,122,195,317
3263,강구,22,21,43
3265,반기,21,35,56
3267,이연,16,21,37
3268,국민소득,4,11,15
3269,명목,150,193,343
3271,특징,93,167,260
3272,보일지,6,9,15
3273,관심사,9,32,41
3274,이력,15,37,52
3275,경향,83,124,207
3277,편의,30,103,133
3278,편향,8,15,23
3281,짚,62,147,209
3283,전기전자,39,97,136
3284,생애,20,19,39
3285,적절히,36,35,71
3286,이견,17,46,63
3287,활력,21,51,72
3288,조세,20,27,47
3289,원고,5,16,21
3290,高,4,13,17
3291,개도국,8,9,17
3292,의문,28,56,84
3293,가동률,50,101,151
3294,신장,20,46,66
3295,특별히,10,20,30
3296,혹시,6,12,18
3298,저축률,13,25,38
3299,약해,24,62,86
3300,약,17,20,37
3301,빠져,15,30,45
3302,어질,18,24,42
3303,조짐,89,124,213
3304,간과,13,28,41
3305,의외,8,12,20
3307,체감,66,140,206
3308,저해,25,37,62
3310,단언,3,12,15
3311,분산,29,49,78
3315,안착,39,86,125
3316,비추,59,64,123
3317,복귀,40,87,127
3318,애로,29,68,97
3319,겪,130,328,458
3320,비관,39,35,74
3321,현실,75,136,211
3322,고,35,70,105
3323,低,4,11,15
3324,룸,23,39,62
3325,기상,9,10,19
3326,자연재해,6,11,17
3327,연,180,295,475
3328,그대로,57,100,157
3329,내리,80,282,362
3331,바뀐,16,14,30
3332,심리지표,28,35,63
3333,진단,97,229,326
3337,한,110,261,371
3338,최고점,7,29,36
3339,나쁜,41,20,61
3340,과도,162,288,450
3342,떨어진,99,230,329
3343,올라가,36,54,90
3344,굉장히,14,45,59
3346,올라갈,19,25,44
3347,일시,54,76,130
3348,된다는,22,32,54
3349,디플레이터,13,26,39
3350,묻,22,53,75
3351,스톡,7,16,23
3352,노동력,12,27,39
3353,필터링,1,27,28
3357,공통,30,52,82
3358,단점,7,26,33
3359,디플레,18,23,41
3361,경제구조,36,24,60
3362,역량,31,92,123
3363,갖추,14,49,63
3364,공공요금,34,36,70
3365,의도,39,48,87
3366,오해,6,13,19
3368,행진,25,32,57
3369,변함,21,25,46
3371,인정,71,147,218
3372,편성,40,47,87
3374,총량,20,30,50
3375,취약차주,3,22,25
3376,채무,185,220,405
3377,금일,97,110,207
3378,지난번,12,19,31
3379,인플레이션갭,27,7,34
3381,밤,28,40,68
3382,발의,10,7,17
3383,합쳐,18,33,51
3384,통방문,10,20,30
3385,허들,22,5,27
3386,불과,98,153,251
3387,크다,25,72,97
3388,중후반,30,38,68
3389,편안,10,11,21
3390,빨라야,5,10,15
3391,급하,17,32,49
3392,끝난,23,23,46
3393,낮출,43,89,132
3394,관계없이,13,13,26
3396,레인지,91,168,259
3397,하락룸,9,9,18
3398,지식재산,6,11,17
3399,생산물,6,16,22
3400,정부정책,69,71,140
3401,부,77,185,262
3402,미흡,34,63,97
3403,구직,8,20,28
3404,종,53,116,169
3405,고용률,29,50,79
3406,농축수산물,23,13,36
3407,일반인,35,43,78
3409,웃돌,178,381,559
3410,예년,33,53,86
3411,등가격,5,12,17
3412,면밀히,157,165,322
3413,줄지,6,20,26
3414,거론,58,96,154
3415,한다,45,106,151
3416,금통위원,120,133,253
3417,올린,21,62,83
3418,높였,33,87,120
3419,분포,30,54,84
3421,전적,11,16,27
3423,꼽,67,200,267
3424,거시,46,79,125
3425,미시,21,27,48
3426,좁혀,29,36,65
3427,투자주체,15,7,22
3428,초점,45,92,137
3430,일자리창출,22,23,45
3432,노동시장,93,190,283
3433,완전고용,7,8,15
3434,양질,9,14,23
3435,일자리,99,198,297
3437,그러,158,296,454
3438,빨라질,27,21,48
3439,알려진,16,28,44
3440,민감,130,227,357
3442,앞당겨,13,22,35
3443,종전,71,78,149
3444,상관관계,45,100,145
3446,선회,30,27,57
3447,축,57,94,151
3448,중첩,11,9,20
3449,가치,170,253,423
3450,관리,310,599,909
3451,국회,148,176,324
3452,기다릴,8,17,25
3454,탄력,43,72,115
3455,베어,17,18,35
3458,케이프투자증권,41,41,82
3459,기획재정부,131,113,244
3460,담보대출,42,83,125
3462,증감률,8,8,16
3464,재산,41,42,83
3465,전망보고서,10,28,38
3467,김지만,62,41,103
3469,줄일,27,36,63
3470,최선,28,49,77
3471,차기,33,42,75
3472,재닛옐런,16,19,35
3473,게리,11,8,19
3474,콘,24,8,32
3475,서베이,36,59,95
3476,언론,58,69,127
3477,매체,20,42,62
3478,후보,105,167,272
3480,쓴,5,19,24
3482,위원장,66,165,231
3483,임명,30,34,64
3485,일축,18,36,54
3486,다행,11,19,30
3487,급변,16,21,37
3488,옹호,8,11,19
3489,관측,81,277,358
3490,번주,7,10,17
3491,이달,151,354,505
3493,현대차투자증권,117,77,194
3494,금융위원회,79,114,193
3495,하반,16,29,45
3496,호재,108,238,346
3497,경직성,29,40,69
3498,골드만삭스,58,56,114
3499,설문,16,35,51
3500,힘든,34,46,80
3501,주초,28,40,68
3502,응찰률,29,64,93
3504,하커,9,13,22
3505,올릴,22,51,73
3506,버터플라이,7,8,15
3507,모니터,17,15,32
3508,G7,14,24,38
3511,즈,17,6,23
3512,의심,17,40,57
3513,여지,32,58,90
3514,정해진,7,20,27
3515,캘린더,18,15,33
3516,전년비,196,130,326
3517,화,54,73,127
3518,레드,10,12,22
3519,북,23,36,59
3521,무역수지,82,123,205
3522,합성,38,80,118
3523,수요견인,11,11,22
3524,중중,12,8,20
3526,쉬,42,66,108
3528,확보,286,580,866
3529,연고점,11,23,34
3530,살,72,76,148
3532,의의,12,13,25
3537,장치,43,40,83
3538,우선,147,305,452
3539,확고,21,23,44
3540,불거질,4,11,15
3541,발,108,176,284
3542,들어오,48,61,109
3543,한발,6,11,17
3545,논리,27,51,78
3546,대출자,19,34,53
3550,윤여,32,28,60
3552,과연,10,28,38
3553,사정,35,48,83
3554,본다,96,180,276
3555,심하,12,11,23
3559,가정부,10,20,30
3561,펼치,17,44,61
3562,이를,13,31,44
3563,앞서간,12,6,18
3564,뒤따라,6,10,16
3565,실천,23,40,63
3566,단기구간,20,26,46
3568,장기투자기관,23,55,78
3569,장기채권,24,38,62
3571,거쳐,48,62,110
3573,믿음,20,20,40
3576,장단기,60,87,147
3577,차장,13,17,30
3580,가세,29,27,56
3582,포스코대우,10,8,18
3583,두산중공업,47,54,101
3584,현대산업개발,32,22,54
3585,아쉬운,13,14,27
3586,기우,10,8,18
3587,감내,17,22,39
3588,굳이,16,25,41
3589,약할,14,16,30
3590,안심전환대출,9,48,57
3591,고유동성,21,20,41
3593,국공채,70,74,144
3594,자연,35,52,87
3595,권고,47,70,117
3596,레벨업,11,14,25
3599,쿠폰금리,10,20,30
3603,전해진다,6,9,15
3604,세아베스틸,17,10,27
3605,인기,44,146,190
3607,반해,29,33,62
3608,절감,42,125,167
3609,문재,12,5,17
3610,원전,41,48,89
3612,보여진다,9,22,31
3613,차주,42,227,269
3614,사드,11,38,49
3615,표표,47,3,50
3616,현대위아,14,21,35
3617,하이트진로홀딩스,12,12,24
3622,주관사,32,49,81
3623,SK케미칼,24,21,45
3624,중앙일보,8,11,19
3625,대신증권,42,130,172
3626,메리츠금융지주,28,58,86
3627,롯데케미칼,20,26,46
3628,한진,22,20,42
3630,키움,21,30,51
3631,아시아나항공,46,23,69
3634,전전,36,7,43
3635,바젤,13,36,49
3636,끌어올리,36,61,97
3637,대거,54,86,140
3640,나눈,8,9,17
3641,도매,32,50,82
3643,분자,11,5,16
3644,당연히,24,25,49
3646,염려,15,10,25
3647,수신,92,120,212
3648,대차,57,93,150
3649,상기,51,33,84
3651,변할,9,12,21
3652,일례,18,35,53
3653,높인다,4,21,25
3655,불안정,32,47,79
3656,바꿔,6,16,22
3658,끌어올릴,12,23,35
3659,안심,48,67,115
3660,급상승,11,5,16
3665,공사채,246,191,437
3666,사채,36,77,113
3668,강보합,71,104,175
3670,발행물량,68,61,129
3671,무난히,14,18,32
3672,출회,62,111,173
3673,교역량,38,25,63
3674,온기,23,25,48
3679,채여,30,14,44
3680,스프,39,4,43
3682,용스,17,1,18
3686,프레드,24,8,32
3687,태광,18,2,20
3688,명종,13,4,17
3689,명,36,28,64
3691,한화케미칼,49,27,76
3692,동국제강,9,12,21
3693,한솔케미칼,16,7,23
3694,현대비앤지스틸,23,6,29
3695,SK머티리얼즈,9,13,22
3696,별주,50,2,52
3698,윤일광,108,69,177
3699,시황,67,99,166
3700,호가,77,88,165
3701,바이백,31,20,51
3702,채권형펀드,60,78,138
3703,환매,51,63,114
3704,투매,4,11,15
3705,양상,149,215,364
3706,스왑,112,85,197
3707,불안정성,5,16,21
3708,일으키,10,19,29
3711,손절,19,20,39
3712,본드스왑,48,37,85
3713,가졌,12,14,26
3714,계정,82,44,126
3715,꺾,8,22,30
3716,패닉,15,26,41
3718,폭등,35,62,97
3719,연출,24,22,46
3720,소문,6,11,17
3721,퍼지,9,15,24
3722,극도,8,18,26
3723,미국발,11,20,31
3724,신용경색,49,30,79
3725,연달,4,20,24
3728,더해,40,77,117
3729,고조,59,126,185
3731,차트,142,223,365
3732,증권업협회,57,38,95
3733,대우증권,198,188,386
3734,국고채권,32,42,74
3735,일비,157,101,258
3736,채권지수,66,43,109
3737,리보,113,81,194
3738,항셍지수,23,37,60
3739,상해,63,49,112
3740,장외거래,56,36,92
3741,대금,125,160,285
3742,지방채,79,101,180
3743,합계,219,326,545
3744,수신증,53,34,87
3745,요구불예금,60,58,118
3746,저축성,115,61,176
3747,장기채권형,21,21,42
3748,단기채권,55,84,139
3749,혼합,87,121,208
3750,주식형,124,124,248
3751,음영,72,53,125
3752,제치,76,64,140
3753,선물,484,559,1043
3754,총거래량,51,35,86
3755,홈페이지,104,128,232
3756,게시,66,54,120
3758,궁금,15,21,36
3759,아마도,13,8,21
3760,공격,25,99,124
3761,상관,29,43,72
3762,스태그플레이션,5,13,18
3763,강해질,10,22,32
3765,액션,6,18,24
3766,서철수,10,6,16
3767,뇌관,5,13,18
3770,악순환,25,35,60
3772,다분히,10,9,19
3773,얘기,65,138,203
3774,주지,19,16,35
3776,통제,61,102,163
3778,개입,153,192,345
3780,근로자,57,115,172
3781,자제,19,31,50
3782,호소,8,26,34
3785,될까,6,9,15
3786,나아가,33,70,103
3787,이코노미스트,53,150,203
3788,그룹,237,506,743
3793,상당수,24,44,68
3794,바꾸,28,67,95
3795,전혀,15,51,66
3796,편승,14,10,24
3797,잠잠,4,12,16
3798,어려워진,9,18,27
3799,짐작,6,10,16
3800,보상,33,40,73
3801,정작,9,18,27
3802,생기,18,36,54
3803,넘어가,18,28,46
3804,아무리,19,18,37
3805,가령,16,15,31
3807,내,86,208,294
3808,심,22,62,84
3810,믿,28,49,77
3811,손해,20,28,48
3812,어쩔,7,8,15
3813,전이,30,54,84
3816,촉발,36,83,119
3817,어찌,7,12,19
3819,밖,55,141,196
3821,심각,64,99,163
3823,여겨,9,21,30
3825,시세,62,187,249
3826,외환위기,42,32,74
3827,고유가,3,14,17
3828,최악,31,44,75
3830,과열,63,101,164
3832,비하,14,21,35
3833,공감,13,48,61
3834,본질,25,32,57
3840,가져오,8,8,16
3844,강력,83,158,241
3847,달라진,21,28,49
3848,어쩌면,14,5,19
3850,주변,26,80,106
3857,그럴,10,20,30
3865,속성,14,16,30
3867,커짐,4,13,17
3870,다채,4,14,18
3874,매달,29,35,64
3875,방침,98,188,286
3876,분명히,24,44,68
3879,수순,25,20,45
3881,창구,26,63,89
3882,왜,28,39,67
3885,확실히,17,35,52
3887,장담,7,8,15
3888,논하,10,6,16
3889,곤란,14,19,33
3890,따지,10,17,27
3891,스스로,36,37,73
3898,불거지,21,26,47
3899,연방,62,96,158
3900,싱가폴,46,29,75
3901,멈췄,15,21,36
3902,금융업,31,30,61
3903,투자은행,78,135,213
3907,은행업,9,18,27
3908,보험업,27,17,44
3909,풀,38,79,117
3911,TED스프레드,14,8,22
3912,뉴질랜드,135,144,279
3913,아일랜드,53,135,188
3914,실업수당청구,69,112,181
3915,저녁,30,103,133
3917,새벽,28,101,129
3918,고금리,256,476,732
3919,장,475,976,1451
3920,고용동향,19,21,40
3922,늘어남,8,16,24
3923,한때,36,90,126
3924,강보합세,26,38,64
3925,장후반,48,13,61
3926,원대,74,242,316
3927,섬,20,4,24
3928,구간별,38,49,87
3929,예상외,21,21,42
3930,경계심리,14,49,63
3932,맞서,7,14,21
3935,기업분석,7,13,20
3936,현대자동차,37,36,73
3937,팁,83,29,112
3938,상한,23,44,67
3939,조만간,35,83,118
3940,양쪽,10,7,17
3941,팔,90,233,323
3942,좀처럼,13,30,43
3943,이상한,22,3,25
3944,ㅣ,83,73,156
3945,트레이드,415,483,898
3946,책임연구원,70,41,111
3947,오동석,9,7,16
3950,차관,10,38,48
3951,황금,7,10,17
3953,자원,23,65,88
3954,누리,16,30,46
3955,올바른,6,20,26
3956,전례,11,19,30
3957,호황기,10,13,23
3958,누릴,44,86,130
3961,철광석,13,14,27
3963,석탄,26,24,50
3966,금융시스템,16,36,52
3967,한창,11,12,23
3972,치솟,51,156,207
3974,지인,10,12,22
3976,놀라운,8,17,25
3977,회복력,11,21,32
3980,쓰이,11,16,27
3981,뼈,4,12,16
3982,만성,11,16,27
3984,파,13,31,44
3985,복지,65,57,122
3988,감지,17,29,46
3989,급반등,18,18,36
3992,수출액,21,41,62
3999,불황,31,68,99
4000,성장동력,36,37,73
4001,현저히,15,20,35
4002,그나마,27,41,68
4003,폭발,12,28,40
4004,약속,37,73,110
4009,주문,230,336,566
4010,하여금,12,12,24
4012,직격탄,6,15,21
4013,됐,111,264,375
4014,비상,51,101,152
4015,최대한,25,40,65
4016,완화책,13,25,38
4017,발주,12,27,39
4021,피해,91,251,342
4022,강했,15,37,52
4023,작업,62,100,162
4024,증명,18,24,42
4025,득,7,8,15
4027,그랬,7,11,18
4028,호주달러,89,60,149
4029,만들,101,253,354
4031,조금씩,30,55,85
4032,느낌,15,13,28
4037,월평균,30,83,113
4039,멈춘,11,7,18
4040,영향권,9,12,21
4041,속해,5,11,16
4042,그다지,24,19,43
4044,따를,6,11,17
4045,운,7,19,26
4046,순조,18,23,41
4047,소외,30,49,79
4048,혁신,103,179,282
4049,효율,45,98,143
4050,모드,18,17,35
4053,장기영역,24,17,41
4055,전가,25,32,57
4056,플랫,12,21,33
4058,이렇게,26,55,81
4059,불분명,9,8,17
4061,내려야,6,11,17
4062,지도,29,46,75
4064,장단기금리차,65,46,111
4065,대륙,22,7,29
4066,중남미,50,38,88
4067,칠레,58,77,135
4068,아이슬란드,17,22,39
4069,아프리카,42,56,98
4070,오세아니아,32,26,58
4071,이집트,15,66,81
4072,포르투갈,124,136,260
4073,그리스,330,314,644
4074,오스트리아,61,51,112
4075,유동,18,32,50
4076,장기부채,10,12,22
4077,싱가포르,52,73,125
4078,페루,48,51,99
4079,아르헨티나,27,68,95
4080,설정액,25,34,59
4081,계약수,8,13,21
4082,채권형,89,127,216
4083,총수,16,50,66
4084,주식형펀드,73,47,120
4086,스위스프,27,25,52
4087,유로엔,7,9,16
4089,루블,40,47,87
4090,유로3,11,11,22
4091,위하,21,32,53
4092,변명,29,7,36
4096,폭풍,8,13,21
4098,게임,41,76,117
4099,신,171,249,420
4102,느린,18,21,39
4103,지켜봐야,34,58,92
4105,대책,182,288,470
4107,자영업자,96,152,248
4109,꺾일,7,13,20
4110,자칫,21,25,46
4111,하강,30,57,87
4112,나아질,16,20,36
4114,지났,12,28,40
4116,과다,13,31,44
4117,동력,31,54,85
4118,평탄,12,20,32
4119,지지부진,16,28,44
4120,제고,169,229,398
4121,나쁘,40,59,99
4123,기기,34,83,117
4124,호조세,34,49,83
4125,패널,9,17,26
4126,컴퓨터,26,39,65
4129,나라,66,119,185
4131,될지,13,23,36
4132,시민,38,64,102
4133,더하,24,25,49
4135,걸친,9,23,32
4136,주거비용,3,16,19
4140,상실,13,55,68
4141,밝혔으며,3,12,15
4142,교역조건,11,18,29
4143,부담금,19,62,81
4144,낙관론,17,61,78
4145,비관론,10,23,33
4146,자구책,2,13,15
4149,전월세,25,48,73
4150,회계,51,59,110
4152,기능,49,108,157
4153,생산설비,8,8,16
4156,재작년,11,17,28
4158,가져야,12,16,28
4159,사안,30,38,68
4161,미친다는,6,13,19
4164,속도조절,22,56,78
4165,광의,20,23,43
4169,당부,212,196,408
4170,슬,6,14,20
4171,랙,2,13,15
4172,재화,31,25,56
4173,화폐,52,65,117
4174,포착,16,24,40
4176,취업자,40,58,98
4177,보통,28,50,78
4178,가동,46,48,94
4179,정의,8,33,41
4180,경제활동인구,9,11,20
4181,근로시간,18,22,40
4183,파급시차,7,10,17
4184,정밀,21,71,92
4186,무한,7,24,31
4188,공백,33,81,114
4190,아무래도,7,18,25
4191,일차,10,17,27
4193,눈,66,137,203
4197,띄,41,72,113
4199,점증,13,18,31
4200,간접,34,40,74
4201,피해자,16,88,104
4202,증폭,21,19,40
4203,수출기업,26,49,75
4208,곳,238,369,607
4209,내수기업,6,11,17
4211,신경,13,29,42
4214,섹터,68,193,261
4216,전격,10,48,58
4217,역마진,13,16,29
4220,저울질,3,15,18
4222,서한,9,13,22
4223,멈추,27,30,57
4224,만회,17,23,40
4225,KOSPI200,21,38,59
4227,미쳐,9,12,21
4228,미디어,39,58,97
4229,통신서비스,49,88,137
4230,제자리,11,19,30
4233,진폭,9,9,18
4234,임계,9,12,21
4235,격화,13,28,41
4237,대하,21,28,49
4238,환율조작국,12,8,20
4239,지정,58,105,163
4240,약보합세,16,37,53
4241,키우,48,95,143
4243,경계심,31,45,76
4245,녹색,24,29,53
4247,주택금융공사,25,49,74
4249,예금보험공사,10,13,23
4251,대환,36,156,192
4252,발행세,12,13,25
4253,커버드본드,7,18,25
4254,카드사,105,81,186
4255,다각화,15,37,52
4256,선택지,8,24,32
4257,사업다각화,11,14,25
4258,여름,13,27,40
4260,에프,48,40,88
4261,아이,69,120,189
4262,걸쳐,57,122,179
4264,휴가,10,52,62
4265,순상,42,35,77
4266,주금공,20,24,44
4268,중소기업진흥공단,7,8,15
4269,가스공사,6,17,23
4271,재단,35,156,191
4272,산은,7,34,41
4273,현대커머셜,8,18,26
4274,실적시즌,12,37,49
4275,휴지기,8,13,21
4278,차익,91,123,214
4279,롯데쇼핑,48,80,128
4280,LS산전,9,20,29
4281,롯데칠성음료,28,20,48
4282,렌탈,41,70,111
4283,롯데지주,4,11,15
4284,폴라리스,19,23,42
4285,핑,19,24,43
4286,엘에스전선,13,10,23
4287,개,40,45,85
4289,공모,71,209,280
4290,자극,108,212,320
4292,기울,8,7,15
4294,영국채,18,17,35
4295,자릿수,17,48,65
4296,공통점,9,26,35
4297,함,16,37,53
4298,채권분석,44,33,77
4300,김민형,24,19,43
4301,가시권,2,13,15
4303,이어진,33,78,111
4304,장기채,101,153,254
4305,두드러지,19,33,52
4307,금융정책,20,79,99
4310,구하,10,29,39
4311,물건,20,55,75
4313,신용물,26,3,29
4314,신용채권,20,17,37
4317,모이,4,15,19
4318,KIS채권평가,93,116,209
4319,금융기관채,16,3,19
4320,항셍H주,37,17,54
4321,재정수지,70,75,145
4322,관망세,43,135,178
4323,짙,13,52,65
4324,응찰,61,113,174
4325,연금,88,174,262
4328,경쟁입찰,40,49,89
4329,대기,95,186,281
4331,가전,40,81,121
4333,내려오,13,35,48
4335,연이,45,63,108
4336,활발히,18,15,33
4337,둘,4,15,19
4339,예금채권,31,16,47
4340,혼합형,105,84,189
4341,보험자산,47,23,70
4342,연기금,220,223,443
4344,매물,96,214,310
4347,채용,23,54,77
4348,생존,22,31,53
4349,꼭,19,41,60
4350,공언,1,14,15
4351,선물시장,40,52,92
4354,잠시,25,42,67
4355,선호도,28,77,105
4357,강남,54,104,158
4358,강북,5,14,19
4359,주거,70,213,283
4361,교차,7,16,23
4363,주변국,12,34,46
4365,디플레이션,75,186,261
4367,우크라이나사태,13,32,45
4369,방지,48,69,117
4371,거시정책,11,13,24
4372,실릴,5,23,28
4373,징후,20,36,56
4374,초저금리,35,44,79
4375,전형,12,23,35
4376,거둔,11,24,35
4377,체질,11,32,43
4379,달려,11,36,47
4380,파급경로,9,11,20
4381,미칠지,14,14,28
4383,투자부문,9,19,28
4385,극복,49,72,121
4386,살아나,38,46,84
4389,운송,87,148,235
4391,안전성,17,28,45
4392,풍부,80,161,241
4394,기술개발,9,15,24
4395,투자기회,10,48,58
4396,연구개발,6,40,46
4401,담배,13,29,42
4402,물가안정목표제,12,21,33
4403,벗어난,10,28,38
4405,내릴,41,101,142
4408,추계,11,7,18
4410,눈여겨,4,15,19
4411,상충,13,31,44
4414,거주자,16,34,50
4415,비거주자,3,14,17
4417,심지어,18,21,39
4418,논쟁,14,25,39
4421,꺾인,14,19,33
4422,본다고,7,15,22
4424,빠졌,31,41,72
4428,워낙,11,22,33
4430,다각도,10,6,16
4431,진도,7,15,22
4432,결손,8,15,23
4433,세입,25,23,48
4435,대략,36,31,67
4437,소진,38,107,145
4438,재고조정,7,15,22
4439,살아날,10,22,32
4440,대조,19,29,48
4442,이른,47,45,92
4443,급한,7,10,17
4445,경제동향,14,26,40
4446,단호,6,9,15
4447,신속,43,94,137
4448,성장기반,8,7,15
4449,정부규제,9,11,20
4450,주택담보대출,154,384,538
4451,한층,33,61,94
4452,총부채,33,88,121
4453,늘어난,146,255,401
4457,가미,3,15,18
4458,봐야,21,30,51
4460,사이,131,276,407
4462,치,28,62,90
4465,정비,31,85,116
4466,수혜,117,197,314
4467,체력,20,28,48
4469,취득,45,48,93
4470,출하,8,40,48
4473,이룰,7,10,17
4474,기준치,29,44,73
4476,상자,17,40,57
4477,직급,20,38,58
4478,전화,35,66,101
4479,이메일,20,42,62
4480,진균,20,37,57
4481,센터장,20,53,73
4482,상무,19,45,64
4483,총괄,47,100,147
4484,바이오,139,230,369
4485,팀,42,97,139
4486,김장원,20,37,57
4487,팀장,85,99,184
4488,고태봉,20,37,57
4489,연구위원,209,391,600
4490,타이어,23,46,69
4491,지목,31,35,66
4492,전선,35,23,58
4494,환영,10,13,23
4495,선임연구원,251,517,768
4496,음식료,59,109,168
4497,이선애,20,37,57
4498,제지,14,13,27
4499,패션,15,21,36
4500,엔터테인먼트,28,46,74
4501,김신희,20,37,57
4502,현수,20,35,55
4503,이정민,20,37,57
4504,나스,13,22,35
4505,박영훈,20,37,57
4506,정유,32,75,107
4507,이혁재,75,37,112
4508,김윤상,20,39,59
4509,안지영,20,37,57
4510,박진,21,38,59
4511,윤진일,20,37,57
4512,건자재,40,57,97
4514,박승현,19,37,56
4517,손,100,169,269
4518,주리,19,37,56
4519,오재열,21,38,59
4520,윤창,20,37,57
4521,박승영,19,36,55
4522,박옥희,20,40,60
4523,곽현수,20,37,57
4524,선성,20,37,57
4525,노호,9,12,21
4526,김현준,34,38,72
4527,윤용선,9,17,26
4528,정종선,20,37,57
4530,홍진호,19,37,56
4531,앞선,13,27,40
4532,기간조정,14,22,36
4533,스토리,12,19,31
4535,일각,69,117,186
4539,메시지,34,90,124
4540,그냥,6,11,17
4542,말씀,21,57,78
4543,모른다,11,14,25
4545,소강,11,9,20
4546,이월,17,35,52
4547,직,17,51,68
4549,재무부,51,121,172
4551,집,77,144,221
4553,도모,22,37,59
4554,원칙,27,85,112
4557,내내,46,59,105
4558,전기비,28,22,50
4561,빼,23,21,44
4565,만도,16,121,137
4567,퇴임,7,15,22
4568,공히,9,8,17
4569,견지,16,17,33
4573,끝내,9,24,33
4574,수월,16,28,44
4575,나와야,3,18,21
4577,후퇴,102,186,288
4579,관전,10,32,42
4582,배후,11,14,25
4583,쏟,22,35,57
4584,세금,66,154,220
4585,걷,13,26,39
4586,범주,5,10,15
4587,갈,41,92,133
4589,찍,70,137,207
4591,구축효과,18,10,28
4596,스케줄,22,19,41
4598,깊,44,87,131
4600,열리,32,105,137
4602,참,8,12,20
4605,안도감,10,26,36
4607,청산,62,142,204
4609,벌,15,35,50
4611,구도,24,32,56
4613,통안3개월,17,15,32
4615,한국거래소,98,165,263
4616,이머징,92,56,148
4618,일본채,17,10,27
4619,중동,74,168,242
4620,월드,18,27,45
4621,바이,7,42,49
4622,아부다비,2,16,18
4624,되찾,25,26,51
4625,더블딥,13,9,22
4626,불안심리,38,43,81
4627,대량,19,33,52
4628,롤오버,14,31,45
4630,매입계획,7,10,17
4631,쓸,14,45,59
4632,공산,15,29,44
4634,강할,7,19,26
4635,관계자,233,663,896
4636,금리정상화,53,43,96
4639,소현,53,63,116
4641,사채발행,10,39,49
4642,美,506,631,1137
4643,日,74,123,197
4644,수국,19,20,39
4645,잇따르,9,17,26
4646,부여받,8,9,17
4647,급등락,14,12,26
4649,한국금융연구원,6,18,24
4652,국영,13,32,45
4655,인니,73,103,176
4656,프랑,36,54,90
4657,크로나,46,47,93
4658,크로네,42,42,84
4659,바트,35,34,69
4660,페소,85,103,188
4661,주식펀드,60,13,73
4662,앞둔,106,175,281
4663,캐리트레이드,39,37,76
4664,늘릴,25,57,82
4666,시니어론,31,4,35
4669,신동준,17,18,35
4670,제로금리,16,29,45
4672,가처분,35,24,59
4673,지출비중,12,8,20
4674,육박,38,69,107
4676,낮춰,38,77,115
4677,재고율,10,12,22
4678,하위,21,34,55
4679,갚,45,82,127
4680,무려,37,59,96
4681,자연실업률,4,22,26
4682,상업은행,16,96,112
4683,부실자산,7,16,23
4684,경착륙,8,43,51
4688,한하,11,9,20
4689,복사,10,12,22
4690,대여,17,39,56
4691,투자전략팀,15,21,36
4694,소수의견,27,85,112
4695,등장,44,99,143
4696,외환보유고,37,49,86
4697,드러냈,15,47,62
4698,안정화,104,193,297
4699,연동,99,168,267
4700,급락세,20,38,58
4701,실사,22,48,70
4702,할인점,25,34,59
4703,백화점,40,77,117
4704,거시경제정책,7,16,23
4705,전기요금,13,45,58
4706,오름폭,6,42,48
4707,저유가,23,54,77
4708,전세가격,49,60,109
4709,원엔,13,42,55
4710,유출입,47,32,79
4712,세법,20,48,68
4713,앆,11,6,17
4714,개정안,35,82,117
4715,선임,44,86,130
4716,저금리정책,15,21,36
4717,당선,54,52,106
4718,받아들일,5,19,24
4720,혜택,217,574,791
4721,대대,10,26,36
4722,북핵,4,11,15
4723,학습효과,10,12,22
4724,고변동성,6,14,20
4725,머,5,43,48
4729,북한,71,146,217
4730,핵실험,9,10,19
4731,더해져,6,27,33
4732,세제개편,14,21,35
4733,뚫,37,38,75
4736,이평선,49,66,115
4737,반등시,15,17,32
4738,지나가,11,30,41
4739,저항,26,21,47
4741,겹쳐,6,16,22
4742,지지선,10,20,30
4745,복합,69,132,201
4747,연설,97,211,308
4748,카플란,3,23,26
4749,조심,27,44,71
4754,초기,73,130,203
4755,대체자산,30,14,44
4756,상업,132,299,431
4758,레버리지,64,117,181
4759,빌미,11,12,23
4760,수개월,11,24,35
4762,긴축정책,23,56,79
4763,기준선,9,22,31
4767,올라왔,10,13,23
4768,멀,19,65,84
4769,본다면,13,23,36
4771,채권자산,10,13,23
4773,달라지,23,31,54
4775,불일치,11,21,32
4776,법인세,78,98,176
4778,허리케인,13,15,28
4779,백악관,8,33,41
4781,재무장관,44,41,85
4782,재임,15,9,24
4783,나이,5,18,23
4784,비판,40,81,121
4785,재직,8,18,26
4787,던지,5,10,15
4792,연구소,14,26,40
4794,대학,16,68,84
4795,원장,26,64,90
4796,입성,11,8,19
4797,설정,93,197,290
4798,룰,7,21,28
4799,교수,29,225,254
4800,빈,21,27,48
4802,부시,12,14,26
4803,행정부,28,62,90
4804,감세,26,47,73
4805,법안,60,99,159
4808,학회,6,37,43
4809,가이던스,50,68,118
4811,개혁,166,222,388
4816,공약,127,165,292
4817,경력,13,24,37
4818,사직,7,15,22
4819,공식,36,63,99
4820,명시,22,30,52
4822,역임,10,15,25
4824,타겟,16,25,41
4825,경직,21,19,40
4826,벌어진,8,24,32
4829,노이즈,19,22,41
4831,집단,15,47,62
4833,표하,8,10,18
4834,타결,28,27,55
4836,박차,10,22,32
4837,가하,13,17,30
4840,국경조정세,6,37,43
4841,양당,11,19,30
4842,배당금,44,85,129
4843,쌓,30,47,77
4844,세율,32,27,59
4848,미룰,15,8,23
4849,과세,66,43,109
4850,미루,35,50,85
4851,비축,6,10,16
4852,보유기업,13,7,20
4853,니즈,10,38,48
4855,들어온,10,17,27
4856,갑자기,7,25,32
4857,의사결정,25,46,71
4858,영업현금흐름,6,12,18
4859,투자처,41,58,99
4861,남부,5,22,27
4866,합치,8,7,15
4867,넘어설,17,31,48
4868,물품,5,15,20
4869,복구,9,43,52
4870,재해,3,31,34
4871,허리,9,10,19
4872,월말,71,101,172
4873,미사일,12,21,33
4874,도발,8,31,39
4878,여론,37,27,64
4879,분열,8,12,20
4880,군사,8,41,49
4882,동원,26,30,56
4884,왜곡,22,28,50
4886,차이신,10,20,30
4887,인원,10,38,48
4888,이윤,3,12,15
4889,원료,6,14,20
4891,차질,90,117,207
4892,연료,16,23,39
4893,나뉘,10,14,24
4894,판매액,27,30,57
4895,전자상거래,14,16,30
4896,덕분,34,61,95
4897,최소,127,207,334
4898,건축,29,45,74
4899,자재,26,29,55
4902,응답자,30,105,135
4903,입,78,139,217
4905,비둘기,21,66,87
4906,침묵,6,12,18
4907,들어간,7,35,42
4908,카시,58,9,67
4909,가깝,34,49,83
4911,짜,6,14,20
4913,트렌드분석,1,14,15
4914,오피스,69,276,345
4915,동부,26,102,128
4916,워싱턴,17,46,63
4917,프로퍼티,2,17,19
4919,리얼티,9,35,44
4920,그린,16,28,44
4921,부서,9,38,47
4922,샌프란시스코,13,58,71
4923,실리콘밸리,7,44,51
4930,도심,22,57,79
4931,교외,2,22,24
4932,공급우위,3,12,15
4933,부동산개발,17,39,56
4934,펀딩,9,25,34
4937,매칭,14,46,60
4939,호흡,3,17,20
4940,서부,13,61,74
4941,연안,2,15,17
4942,트렌드,10,80,90
4944,타이트,26,24,50
4945,임차,20,67,87
4947,티커,3,14,17
4948,시가총액,137,223,360
4949,캘리포니아,10,26,36
4950,잡힌,8,16,24
4951,특화,27,99,126
4953,리테일,41,64,105
4955,데이터센터,27,43,70
4956,리조트,21,31,52
4957,셀프,10,7,17
4961,에쿼티,7,11,18
4963,임대,55,145,200
4964,숫자,40,42,82
4982,맨해튼,6,24,30
4983,스트리트,4,14,18
4986,티,52,104,156
4987,버,8,10,18
4989,그림참조,9,12,21
4990,공실률,18,59,77
4991,면적,14,76,90
4992,완공,9,26,35
4994,임대료,71,111,182
4998,떨어졌,106,254,360
5000,암시,5,29,34
5001,모양새,23,70,93
5003,발행량,36,80,116
5005,온도차,4,16,20
5006,투자가,25,62,87
5010,투자금액,5,16,21
5012,카타르,6,89,95
5014,이끄,23,45,68
5015,맺,13,64,77
5016,페이스북,8,36,44
5020,임차인,15,27,42
5021,퀄컴,6,9,15
5022,우버,14,9,23
5023,속하,9,17,26
5025,사이클,112,204,316
5026,피크,22,29,51
5027,아웃,19,28,47
5028,오랫동안,16,31,47
5029,신성장,9,22,31
5030,추석,26,28,54
5031,저축은행,85,187,272
5032,발급,38,73,111
5033,러시,9,6,15
5034,퇴직연금,44,70,114
5035,비우량등급,30,47,77
5036,이낙연,7,20,27
5037,익숙,9,17,26
5038,탐색,28,62,90
5040,신한금융투자,29,77,106
5042,도시개발사업,1,18,19
5043,개발,189,361,550
5044,유한회사,11,4,15
5045,식,10,23,33
5046,군,38,46,84
5047,분할,17,68,85
5048,무난,35,36,71
5050,SK이노베이션,13,19,32
5051,엔터,17,15,32
5052,프라이즈,13,10,23
5053,E1,9,7,16
5054,SK텔레콤,60,56,116
5055,세아,17,7,24
5056,창원,15,15,30
5057,특수강,16,15,31
5058,한국토지신탁,25,12,37
5059,미래에셋캐피탈,12,24,36
5060,금호석유화학,20,12,32
5061,SK루브리컨츠,9,12,21
5062,생명보험,21,20,41
5063,오케이캐피탈,5,13,18
5064,하이투자증권,22,114,136
5065,별개,8,30,38
5068,든다,11,21,32
5069,편입종목,5,13,18
5070,메리츠캐피탈,8,14,22
5071,대선,137,200,337
5072,예외,20,30,50
5073,국채시장,47,67,114
5076,회피심리,11,53,64
5077,느려,2,17,19
5081,부패,14,13,27
5082,포,11,40,51
5085,가진,45,75,120
5086,고가,20,89,109
5087,마찰,8,35,43
5088,시리아사태,5,10,15
5089,구제금융,44,155,199
5090,요청,29,79,108
5091,폭락,55,46,101
5092,모건,23,83,106
5093,소버린,8,18,26
5095,부족자금,5,14,19
5096,친화,17,36,53
5097,디폴트,34,101,135
5098,발행비중,18,26,44
5100,종류별,18,15,33
5104,액면가,23,16,39
5108,장관,53,130,183
5111,광역,7,21,28
5112,매,9,28,37
5114,배정,21,44,65
5115,복리,31,51,82
5117,판매가,67,86,153
5120,화물,15,14,29
5121,파업,20,25,45
5125,옥수수,10,23,33
5126,킷,30,28,58
5127,월비,7,10,17
5130,연방정부,23,44,67
5131,외교,20,47,67
5133,책,18,31,49
5134,국경,9,11,20
5135,국방,12,20,32
5137,수립,38,64,102
5141,등록,38,86,124
5142,수장,12,31,43
5143,선출,4,14,18
5147,나올,81,148,229
5149,이어졌으며,10,13,23
5150,정지,26,64,90
5151,테메르,38,14,52
5154,해결책,7,18,25
5156,지지율,16,25,41
5157,보우,10,8,18
5158,소나,12,11,23
5164,상원,52,105,157
5165,비례,19,26,45
5166,선거,109,200,309
5168,행정,37,31,68
5169,구역,18,60,78
5170,특구,5,12,17
5172,소속,29,38,67
5184,삭감,13,79,92
5189,출마,6,17,23
5191,노동당,13,7,20
5192,변호사,15,11,26
5194,시절,21,47,68
5196,주지사,9,7,16
5197,좌파,8,15,23
5198,결집,4,14,18
5199,인물,19,28,47
5201,네트워크,12,61,73
5203,수많,4,14,18
5204,수상,8,34,42
5205,친환경,15,83,98
5207,업,226,316,542
5208,영위,27,42,69
5212,창립,3,16,19
5227,작가,7,12,19
5228,가입,213,340,553
5230,상무부,32,55,87
5231,봤,55,133,188
5232,동참,34,61,95
5234,이동평균,20,45,65
5235,벗어났,3,15,18
5239,현대차,162,292,454
5240,양국,36,56,92
5241,상대국,13,17,30
5243,밑,26,65,91
5244,중국국가통계국,9,26,35
5245,증권주,33,27,60
5246,보험사,314,316,630
5248,따라가,21,33,54
5249,세미나,25,77,102
5251,청취,7,18,25
5252,따져,11,17,28
5255,국무총리,7,14,21
5257,주중,119,63,182
5258,되돌렸,11,14,25
5259,매수주체,3,16,19
5260,사들이,32,87,119
5261,일평균,74,50,124
5262,순매도세,15,20,35
5263,사들였,14,41,55
5264,자산운용사,72,159,231
5266,경신,126,381,507
5267,운용사,39,104,143
5268,금정위,5,19,24
5272,미시간대,18,15,33
5273,임직원,25,44,69
5274,창,18,15,33
5275,섭,10,7,17
5276,노,44,72,116
5277,지준율,47,96,143
5278,체이스,5,20,25
5279,인텔,16,69,85
5280,금융주,21,22,43
5281,다우,34,39,73
5282,나스닥,78,179,257
5283,인민은행,92,197,289
5284,은행주,46,39,85
5286,상하이,39,39,78
5287,환시,30,12,42
5288,차액결제선물환,61,153,214
5289,수출업체,42,55,97
5290,네고물량,38,25,63
5291,쏟아지,16,21,37
5292,되돌리,33,101,134
5293,영국중앙은행,7,21,28
5295,장마감후,59,147,206
5300,채권단,35,67,102
5303,보름,3,14,17
5304,이날,929,2528,3457
5305,오후,255,649,904
5306,여의도,51,111,162
5307,본점,40,80,120
5309,주채권은행,6,19,25
5312,중구,76,255,331
5314,번지,12,21,33
5315,본사,28,74,102
5318,계열사,79,123,202
5321,회생,16,37,53
5322,개시,67,150,217
5325,틱,161,387,548
5326,단기영역,27,23,50
5327,리,28,39,67
5328,오프닝,20,11,31
5329,형식,16,32,48
5330,자산운용,120,246,366
5331,은행장,15,52,67
5332,현물,185,460,645
5334,환매수,11,9,20
5336,앤드,15,30,45
5337,기업어음,51,124,175
5338,뉴스,85,129,214
5340,강진,5,10,15
5342,매경,120,78,198
5344,시행령,5,37,42
5347,中,86,167,253
5348,해킹,3,12,15
5349,과학,27,37,64
5350,벨트,8,12,20
5351,차단,35,60,95
5352,서경,56,21,77
5353,나선다,27,61,88
5356,늘려,34,62,96
5357,車,8,27,35
5359,재무상,7,20,27
5360,커져,22,53,75
5361,한경,51,9,60
5366,분양가,61,135,196
5367,명분,30,33,63
5368,낙폭,83,167,250
5369,오전,234,606,840
5370,어서,10,9,19
5372,차익매물,14,13,27
5374,막히,7,13,20
5375,낙찰률,13,10,23
5376,베이지북,5,29,34
5377,연준총재,11,7,18
5378,만족,36,40,76
5379,베팅,140,336,476
5380,혼조세,69,175,244
5381,실효환율,17,12,29
5383,어려워졌,11,24,35
5384,피로감,7,15,22
5385,최저치,69,144,213
5386,재정위기,60,92,152
5388,표준편차,22,12,34
5389,기울기,16,15,31
5390,중기물,16,34,50
5391,지표물,19,40,59
5393,국민주택,11,26,37
5394,이동평균선,11,30,41
5395,이때,13,29,42
5399,적합,20,45,65
5400,대변,11,19,30
5401,통화당국,33,79,112
5402,먼,28,28,56
5403,숨,11,21,32
5406,대외변수,20,22,42
5410,독점,7,19,26
5413,챙기,8,13,21
5415,맘,6,17,23
5416,둔,40,57,97
5420,정착,14,21,35
5421,튀,14,16,30
5422,밀,13,69,82
5424,숨통,7,13,20
5428,팽팽,6,15,21
5429,매수전략,74,178,252
5430,목표가격,3,12,15
5431,국채입찰,14,22,36
5432,매도전략,66,151,217
5433,장초,34,58,92
5436,수석,91,231,322
5437,그룹장,50,107,157
5438,김순영,19,36,55
5439,박태영,17,35,52
5440,핸드셋,17,33,50
5441,김인,17,35,52
5442,인터넷,31,76,107
5443,화장품,27,72,99
5444,심원섭,16,35,51
5445,정민규,17,34,51
5446,박애란,19,36,55
5447,임승혁,17,33,50
5448,산업재,29,72,101
5450,셜,8,8,16
5454,순차,21,44,65
5455,상징,23,22,45
5456,환기,5,12,17
5457,한화증권,150,87,237
5461,프로젝트,90,106,196
5462,원활,31,66,97
5463,자세,39,84,123
5464,오늘,63,148,211
5465,자본시장,48,99,147
5467,돌아가,28,36,64
5469,채소,8,9,17
5470,뺀,13,20,33
5471,끝날,5,12,17
5472,안팎,24,85,109
5473,답,38,104,142
5474,뒤집,8,19,27
5476,투기,36,55,91
5479,회담,14,16,30
5481,시야,5,15,20
5483,참여자,26,17,43
5486,파급,61,70,131
5487,비농업,38,90,128
5488,매수우위,31,37,68
5489,최경환,21,16,37
5490,부총리,35,101,136
5491,드러내,7,22,29
5492,두드러졌,31,50,81
5493,중단기물,15,27,42
5495,조용구,13,17,30
5497,최종호가,81,142,223
5501,소맥,7,19,26
5502,말전주,16,4,20
5503,금융투자,87,198,285
5504,치전,31,23,54
5505,기치,27,10,37
5506,치예,33,13,46
5507,상치,33,14,47
5510,공장,46,161,207
5511,노동부,93,119,212
5512,전년동기비,14,14,28
5513,컨퍼런스보드,23,52,75
5514,치과,9,9,18
5515,거치,46,81,127
5518,비제조업,31,41,72
5519,센,10,25,35
5520,틱스,9,16,25
5522,韓,141,131,272
5523,통,42,58,100
5524,위금,8,7,15
5525,닛케이,39,178,217
5526,소비자동향조사,18,10,28
5528,원화채,35,34,69
5529,밑돌,42,119,161
5530,원화가치,24,25,49
5532,돌아섰,43,72,115
5534,펴,10,15,25
5535,경제부총리,29,42,71
5536,엔환율,13,38,51
5538,국정감사,3,13,16
5539,지날수록,8,7,15
5540,上,7,12,19
5542,이론,29,42,71
5544,세출,11,7,18
5545,예산안,90,74,164
5547,대별,11,14,25
5548,감속,5,29,34
5554,내지,19,29,48
5555,크기,19,20,39
5561,그림자금융,41,23,64
5562,가수급,10,11,21
5563,전문,200,311,511
5564,맞추,46,53,99
5566,팬,8,25,33
5567,개발도상국,3,12,15
5569,요금,32,79,111
5570,엔저,42,121,163
5572,일간,12,38,50
5574,중국시장,15,21,36
5575,밀리,28,35,63
5576,신제품,9,29,38
5577,통관,4,25,29
5579,등록금,5,21,26
5580,학원,9,17,26
5584,디스인플레이션,48,81,129
5585,흔히,4,11,15
5589,최소한,16,35,51
5591,대형마트,9,36,45
5592,온라인쇼핑,2,15,17
5596,책무,6,18,24
5598,여유,47,49,96
5600,단정,7,15,22
5601,허용,48,66,114
5602,시장점유율,27,43,70
5605,성숙,7,8,15
5606,빛나,5,13,18
5607,손은정,45,144,189
5608,환,23,55,78
5609,오픈,14,52,66
5610,채권비중,10,13,23
5613,염두,54,90,144
5614,한국물,8,8,16
5615,통화가치,30,53,83
5617,투자수익률,84,50,134
5620,환차익,31,51,82
5622,수취,22,32,54
5626,지불,21,24,45
5627,빈도,14,13,27
5628,원활히,10,21,31
5630,스왑레이트,18,19,37
5632,엔진,9,26,35
5634,말레이,4,22,26
5636,한정,30,60,90
5638,우량기업,11,15,26
5639,조건부,27,49,76
5640,자본증권,14,24,38
5641,원하,21,66,87
5644,업황이,17,35,52
5645,산업군,8,8,16
5647,총계,8,13,21
5648,넓,28,37,65
5649,투자성향,4,11,15
5650,영구,19,17,36
5652,콜옵션,20,74,94
5653,선순위채권,1,25,26
5654,상각,48,46,94
5655,병행,23,48,71
5656,접근성,24,49,73
5657,이자수익,69,70,139
5659,쿠폰,32,64,96
5660,비과세,39,74,113
5661,조항,31,19,50
5662,이엔에스,16,18,34
5663,후순위,23,38,61
5665,뱅크,119,169,288
5666,스탠다드차타드,9,12,21
5668,떼,8,7,15
5670,우선주,14,31,45
5673,인더스,10,14,24
5675,외화증권,11,11,22
5677,전기료,9,29,38
5680,실리,25,26,51
5685,이끈,16,29,45
5686,유가상승,23,22,45
5687,금융정책회의,7,11,18
5689,갤럭시,5,27,32
5690,출시,181,423,604
5691,노트,5,14,19
5693,모바일,30,93,123
5694,납품,9,43,52
5695,협력업체,40,19,59
5696,공급망,69,109,178
5698,영세,10,26,36
5699,협력사,53,61,114
5702,수출금액,11,7,18
5703,전강후약,2,19,21
5705,오바마,24,18,42
5707,신근호,11,25,36
5708,주원,12,30,42
5709,최광현,11,25,36
5710,레저,22,51,73
5711,남태현,14,29,43
5712,정,41,94,135
5713,순우,11,25,36
5714,이혜경,11,25,36
5716,한매,10,23,33
5719,돌아선,41,38,79
5720,평탄화,28,20,48
5724,분석팀,9,8,17
5726,업무,114,316,430
5727,규정,48,99,147
5728,공표,30,50,80
5729,페이지,14,25,39
5730,밝혔으나,7,8,15
5731,동남아시아,25,24,49
5734,장기추세,11,13,24
5735,금융경제,28,58,86
5737,서서히,31,46,77
5738,상관없이,6,19,25
5740,홀로,29,72,101
5742,지급준비율,15,74,89
5743,따로,14,16,30
5744,전년동월비,39,32,71
5746,메리츠증권,33,97,130
5747,정용택,29,86,115
5748,정성욱,93,129,222
5750,KTB투자증권,243,382,625
5752,리더십,8,24,32
5753,슈퍼,54,94,148
5755,몬티,3,23,26
5761,바벨,13,29,42
5764,위기감,15,13,28
5765,혼란,31,64,95
5769,옮겨,17,17,34
5770,불씨,4,11,15
5771,엄청난,9,11,20
5772,약해진,12,14,26
5773,미뤄질,17,8,25
5774,즉각,27,43,70
5775,적인,5,14,19
5777,찾아가,23,71,94
5779,사임,4,18,22
5780,개혁안,29,38,67
5784,설득력,14,15,29
5785,부자,10,37,47
5788,반독점,3,14,17
5789,소송,31,64,95
5790,이뤄지지,16,29,45
5792,이해관계,16,13,29
5793,공,24,64,88
5794,정치인,9,23,32
5795,넘겨,13,21,34
5796,관료,10,15,25
5798,세력,21,27,48
5800,총선,145,199,344
5801,거두,13,22,35
5803,고통,18,48,66
5804,독려,8,10,18
5808,과,17,38,55
5811,부총재,49,61,110
5812,희생,5,20,25
5814,숙제,5,13,18
5817,사퇴,18,21,39
5819,곳곳,14,19,33
5823,나선,66,134,200
5824,보여준,12,22,34
5825,줄곧,15,24,39
5827,독자,25,32,57
5829,몫,9,22,31
5830,비단,9,11,20
5834,금융자산,49,38,87
5835,인지,17,31,48
5836,효율성,21,37,58
5837,내세우,5,20,25
5838,통화량,20,47,67
5839,흡수,63,159,222
5840,재량,13,7,20
5842,자세히,16,13,29
5843,실망,33,63,96
5848,마쳤,253,637,890
5849,순매도우위,7,36,43
5850,봉차트,8,16,24
5851,간별,19,35,54
5852,플로우,105,136,241
5853,곡선,35,46,81
5854,기간스프레드,61,75,136
5855,기준등급,10,19,29
5856,일봉,15,20,35
5857,일별,17,29,46
5858,주식자금,22,35,57
5859,시장주체,19,35,54
5860,보험기금,37,81,118
5861,계통,19,36,55
5862,안채,19,35,54
5863,거래주체,10,18,28
5864,만기수익률,67,123,190
5865,기통,22,45,67
5866,동서,12,13,25
5867,수출입금융,8,16,24
5868,할인,52,201,253
5869,제일은행,16,61,77
5871,정금,19,26,45
5872,한국전력,17,23,40
5874,한국가스공사,9,15,24
5876,산금,16,11,27
5877,신보,34,83,117
5878,채안펀드,9,25,34
5879,제일차,21,50,71
5881,표면,18,24,42
5882,이율,84,55,139
5883,한진중공업,12,33,45
5885,대우인터내셔널,16,14,30
5886,동양,26,50,76
5887,풋,9,17,26
5888,한국산업은행,41,39,80
5889,SK증권,43,67,110
5891,권한,19,15,34
5894,케이티,32,135,167
5895,성동,8,20,28
5896,해양,10,29,39
5897,삼천리,17,4,21
5898,서브,6,12,18
5899,엔에스,18,8,26
5900,우리금융지주,20,29,49
5903,SK네트웍스,25,28,53
5904,잔여만기,10,18,28
5905,시건,7,15,22
5907,업자,15,34,49
5909,적자폭,19,31,50
5912,유통업체,18,32,50
5914,무상,22,38,60
5915,지방자치단체,7,17,24
5916,예산편성,11,7,18
5917,거부,32,28,60
5918,실상,8,9,17
5919,즉시,21,42,63
5920,정부대책,4,15,19
5921,엔저현상,6,23,29
5923,경합,4,15,19
5924,현장,67,192,259
5925,객관,10,15,25
5926,실질소득,13,22,35
5927,보전,33,44,77
5928,전문가,158,402,560
5929,접어든,5,17,22
5931,수입국,6,18,24
5932,제반,17,17,34
5933,직결,3,19,22
5935,예측가능성,7,9,16
5938,생산가능인구,32,17,49
5940,고령사회,24,6,30
5941,비정규직,13,29,42
5942,가구,143,275,418
5944,생활비,8,27,35
5947,회피,24,56,80
5949,다각,15,20,35
5950,모색,26,57,83
5951,평균치,25,36,61
5952,쌓인,10,19,29
5955,떨어져,17,52,69
5957,통해서,33,45,78
5959,문,39,90,129
5960,남중,6,9,15
5961,주차,36,45,81
5962,유입세,21,25,46
5963,서유럽,16,38,54
5964,세로,21,31,52
5965,라틴,10,17,27
5966,아메리카,13,16,29
5967,순유출,74,63,137
5968,타,36,77,113
5970,대신경제연구소,130,145,275
5971,권역,68,52,120
5973,유출세,21,26,47
5974,채워,6,23,29
5975,중화,8,40,48
5976,잦아들,5,23,28
5982,매수강도,16,15,31
5983,현금성자산,26,55,81
5984,아,13,22,35
5985,꿈,9,25,34
5986,세기,9,8,17
5989,자발,18,50,68
5990,리밸런싱,12,9,21
5991,스코어,4,31,35
5992,높임,14,17,31
5993,전구간,33,27,60
5994,예기,7,9,16
5995,재무장관회의,15,21,36
5999,회동,7,9,16
6003,바짝,6,9,15
6005,국내기관,35,41,76
6006,파생,15,30,45
6007,시선,18,36,54
6008,다시금,11,37,48
6009,불신,10,18,28
6012,취했,3,14,17
6013,헤지,62,83,145
6014,스트레스테스트,19,32,51
6017,증권거래소,7,49,56
6018,유예,34,129,163
6019,가닥,5,10,15
6022,피하,30,35,65
6024,상상,21,25,46
6025,역사,32,48,80
6026,민주주의,9,17,26
6031,점하,6,13,19
6032,기류,6,13,19
6033,단일,19,77,96
6034,묶여,8,11,19
6035,갖춰,9,16,25
6036,보태,6,13,19
6037,침체국면,12,12,24
6038,코어,53,90,143
6040,되돌릴,8,17,25
6042,우축,20,48,68
6043,한꺼번에,8,15,23
6044,경과,63,33,96
6046,이면,8,8,16
6048,디레버리징,33,34,67
6049,리뷰,12,14,26
6050,환경변화,16,28,44
6051,명기,4,12,16
6052,시장성,20,20,40
6054,출처,83,243,326
6056,예보기금특별계정채권,8,21,29
6057,신한카드,18,18,36
6058,도로공사,16,7,23
6059,진흥,6,19,25
6060,파이낸셜,39,67,106
6062,변,8,16,24
6064,오일허브,19,13,32
6065,코리아,65,106,171
6066,하이닉스,11,36,47
6067,씨제이제일제당,11,11,22
6068,삼성물산,37,104,141
6070,물산,6,11,17
6071,동양증권,13,18,31
6075,한신정,32,33,65
6077,유,38,42,80
6078,신영,6,10,16
6080,천호,11,14,25
6081,유재호,11,7,18
6082,소원,9,6,15
6083,정정불안,6,11,17
6085,퇴출,16,34,50
6086,금요일,31,48,79
6087,월요일,14,14,28
6088,실업수당,9,10,19
6089,방,41,37,78
6095,리세션,8,10,18
6098,실,35,68,103
6103,서프라이즈,69,60,129
6104,한참,6,11,17
6105,와중,31,16,47
6106,뒤늦,10,13,23
6107,연구기관,9,13,22
6108,양산,15,31,46
6110,부정,18,18,36
6115,지배,11,30,41
6116,무거운,8,9,17
6120,지점,46,123,169
6121,실마리,4,12,16
6122,키움증권,178,290,468
6124,불거진,8,22,30
6125,편차,19,13,32
6126,테일러준칙,19,16,35
6127,국유,6,14,20
6128,베이시스,19,9,28
6129,구성원,5,16,21
6135,가격변수,15,40,55
6137,잘못,31,45,76
6138,교류,6,20,26
6139,세심,7,10,17
6142,나빠,15,12,27
6146,해제,71,267,338
6148,빠질,26,39,65
6149,사태,123,375,498
6152,넘겼,8,20,28
6153,깨,22,24,46
6154,의하,20,21,41
6156,멘,23,25,48
6157,텀,21,22,43
6158,정상회의,13,18,31
6161,중대,18,75,93
6162,고비,13,23,36
6163,치료,14,37,51
6164,가져올,23,20,43
6165,선도금리,10,9,19
6170,어려우나,11,10,21
6171,기로,8,9,17
6172,바라본,15,22,37
6174,중심지,8,7,15
6177,파산,34,82,116
6182,수축,8,7,15
6185,입시,10,17,27
6187,연방준비은행,39,57,96
6188,보류,14,26,40
6189,깜짝,18,56,74
6191,무기,24,50,74
6192,미연,9,6,15
6196,늦춰,12,19,31
6198,긴급,33,60,93
6199,처방,12,18,30
6200,되살아나,15,11,26
6203,판결,25,53,78
6204,무조건,15,22,37
6206,신선식품,13,24,37
6207,곡물,34,54,88
6208,되돌려,16,28,44
6209,임박,40,74,114
6210,정부채,17,10,27
6212,부추기,15,23,38
6213,에너지기업,10,60,70
6218,휴장,72,33,105
6219,현대상선,39,19,58
6221,자구노력,3,12,15
6228,고리,27,30,57
6231,수반,18,31,49
6232,수요처,11,7,18
6233,차이점,17,18,35
6234,대내,28,34,62
6235,낮춰야,6,15,21
6236,눈높이,17,32,49
6237,드라이브,9,11,20
6238,걸,14,33,47
6240,돌파구,5,10,15
6241,기업수,12,13,25
6243,실질임금,14,34,48
6245,역대,115,259,374
6246,계절성,7,28,35
6248,주거비,162,93,255
6249,주류,15,16,31
6250,의료,92,154,246
6251,줄여,43,77,120
6252,처분가능,8,14,22
6253,의류,24,57,81
6254,승수,30,30,60
6256,풀리,9,24,33
6257,편중,17,24,41
6259,섣부른,9,24,33
6261,빚,75,112,187
6265,공산품,14,21,35
6267,편집상,9,6,15
6268,시중금리,13,14,27
6270,경선,12,21,33
6272,대회,16,16,32
6273,지명,11,18,29
6274,대한민국,37,93,130
6277,노년층,9,8,17
6278,금융투자상품,6,10,16
6279,포털,8,11,19
6280,납입,79,127,206
6282,총수입,18,4,22
6283,손해보험,16,6,22
6284,운용자산,148,59,207
6285,생명,32,42,74
6286,보험계약,22,38,60
6287,장래,8,11,19
6288,준비금,57,18,75
6289,시가,30,23,53
6291,책임준비금,73,2,75
6292,보험부채,12,13,25
6293,시가평가,15,16,31
6294,천천히,10,18,28
6296,자산부채,147,17,164
6298,순자산가치,16,6,22
6300,RBC비율,24,11,35
6302,생보사,67,15,82
6303,손보사,46,6,52
6304,늘려야,9,15,24
6307,출생,44,146,190
6309,초고령사회,8,10,18
6310,인구비중,17,4,21
6314,자가,24,18,42
6316,구입,23,58,81
6317,문화,52,103,155
6318,공급량,14,28,42
6320,띈다,12,26,38
6322,연장선,9,17,26
6323,왔,7,27,34
6327,향,22,29,51
6329,전고점,17,26,43
6331,국주,9,7,16
6332,스왑베이시스,50,37,87
6333,미결제약정,16,11,27
6338,캠페인,7,36,43
6340,월래,18,21,39
6343,치이,13,22,35
6344,포퓰리즘,9,11,20
6345,안전,37,129,166
6347,대공황,14,3,17
6349,궤적,8,11,19
6351,폭넓,11,27,38
6352,감산,33,105,138
6354,새로,29,112,141
6355,장내,19,40,59
6357,조기상환,34,38,72
6358,고개,11,13,24
6359,가까워,18,33,51
6361,순투자,25,35,60
6366,정책회의,13,6,19
6367,뮤추얼펀드,7,18,25
6372,체인저,8,7,15
6373,베,8,17,25
6375,끌어내리,11,17,28
6376,금투협,27,22,49
6378,총회,12,22,34
6379,정례회의,29,83,112
6380,첫날,21,50,71
6381,키워,9,19,28
6383,만든,21,33,54
6386,팽배,9,14,23
6387,정크본드,3,27,30
6392,올라갔,18,21,39
6393,썼,12,23,35
6394,흔들릴,14,11,25
6397,우상,8,18,26
6401,下,12,8,20
6402,예정액,15,20,35
6405,교환,38,74,112
6406,이자율스왑,5,13,18
6407,통화스왑,25,10,35
6408,서울외국환중개,103,235,338
6411,이스라엘,52,91,143
6412,동유럽,13,20,33
6414,필요시,13,21,34
6416,과하,12,16,28
6417,행정리,3,13,16
6418,재원,76,128,204
6419,단절,9,15,24
6421,냉각,24,46,70
6427,리치먼드,14,6,20
6428,선물옵션,11,11,22
6429,적극,86,150,236
6430,쇼크,68,37,105
6431,지수화,2,15,17
6432,셰일오일,4,37,41
6433,거점,9,29,38
6438,아쉽,6,12,18
6441,도시가스,21,23,44
6445,새해,33,227,260
6449,순수,14,20,34
6450,통관기준,6,9,15
6455,토목,7,8,15
6457,밀접,21,29,50
6461,마케팅,34,55,89
6462,갭률,44,50,94
6463,여행,49,76,125
6464,응답,30,141,171
6466,션,8,22,30
6467,양방향,6,22,28
6469,원천,10,17,27
6472,수출물량,13,23,36
6473,탄성,11,14,25
6475,반등세,27,69,96
6476,부처,65,99,164
6479,단서,10,18,28
6480,열린,142,318,460
6481,몰려,37,87,124
6483,의식,21,27,48
6486,눈길,20,73,93
6492,넓혀,10,11,21
6494,기,21,25,46
6495,고평가,15,41,56
6496,일괄,10,20,30
6497,고시,22,52,74
6500,뛰어들,11,13,24
6503,환율정책,7,11,18
6505,방점,11,17,28
6507,맞출,6,11,17
6509,강해졌,15,17,32
6511,국내총생산,76,128,204
6512,비수기,11,19,30
6513,역기,5,10,15
6516,학교,33,59,92
6517,주택매매,55,66,121
6518,고용자수,8,19,27
6519,천명,5,11,16
6521,수도,19,35,54
6522,헬스케어업종,1,14,15
6524,참여율,7,12,19
6525,돼지고기,4,14,18
6526,흑자폭,10,12,22
6528,늘린,12,24,36
6529,항셍,7,14,21
6532,금속,47,136,183
6533,천연가스,20,29,49
6534,구리,17,48,65
6539,어려웠,9,18,27
6540,담뱃값,9,17,26
6544,노치,5,12,17
6545,금융위,41,109,150
6546,업무보고,5,15,20
6548,분할상환,17,36,53
6549,소액,5,36,41
6551,자본금,42,52,94
6552,전세,88,426,514
6553,보증금,24,120,144
6554,월세,31,85,116
6556,코,32,77,109
6557,신용공여,10,17,27
6558,신용위험평가,6,9,15
6560,합동,13,25,38
6561,정교,6,14,20
6564,서민,39,176,215
6565,금융상품,38,138,176
6569,드림,47,51,98
6570,인터넷전문은행,18,22,40
6571,보증보험,4,11,15
6572,대출상품,22,92,114
6575,민원,6,28,34
6576,범죄,38,22,60
6578,설문조사,55,103,158
6579,수요자,50,137,187
6580,간담회,35,97,132
6583,내다봤,30,122,152
6584,어치,61,174,235
6585,국제금융센터,26,29,55
6586,공급물량,12,27,39
6589,솔,23,43,66
6592,촉구,24,36,60
6593,특별법,11,16,27
6597,거래소,45,142,187
6598,행위,32,70,102
6603,대변인,12,19,31
6604,역내외,2,13,15
6605,과감,14,37,51
6612,쏠림,27,37,64
6613,미뤄,29,23,52
6614,머무를,6,21,27
6618,당위,8,9,17
6619,디플레이션갭,6,12,18
6620,발견,27,33,60
6621,양면,4,11,15
6622,수주산업,27,7,34
6623,박진영,49,36,85
6624,절벽,10,21,31
6626,회계기준,31,5,36
6629,미수금,7,15,22
6631,생략,11,4,15
6632,감리,16,9,25
6633,테마,47,109,156
6635,청구,29,32,61
6636,검증,19,45,64
6638,사이트,18,34,52
6639,불식,7,10,17
6640,CJ프레시웨이,14,8,22
6641,채우,34,47,81
6642,우량물,48,22,70
6644,후속,23,54,77
6645,주석,36,21,57
6647,일반기업,11,13,24
6648,자본시장법,11,8,19
6649,제출,110,169,279
6650,법인,92,148,240
6654,법령,16,17,33
6656,당사자,10,19,29
6657,전부,14,28,42
6659,속한,18,18,36
6660,오류,8,7,15
6661,손상차손,9,8,17
6662,누계,14,8,22
6663,대손충당금,32,26,58
6665,분별,9,6,15
6667,총액,38,108,146
6669,계약서,12,15,27
6670,위반,23,65,88
6674,증권신고서,7,19,26
6676,의혹,18,26,44
6677,인력,50,116,166
6679,한솔제지,15,22,37
6680,CJ제일제당,11,31,42
6681,미달액,8,14,22
6682,예정일,20,31,51
6684,열릴,9,12,21
6685,실린다,13,14,27
6686,신종,32,31,63
6687,한미약품,22,27,49
6688,제약사,10,26,36
6691,자구안,3,20,23
6692,등재,19,23,42
6695,LS네트웍스,7,14,21
6696,당기순손실,7,19,26
6698,수익창출,16,19,35
6699,예상밖,17,11,28
6700,깔려,10,8,18
6703,산재,12,14,26
6705,발사,12,15,27
6706,다행히,5,13,18
6707,낙폭과대,3,12,15
6708,극심,6,11,17
6710,상하원,13,6,19
6711,꺾이,30,50,80
6714,김지나,67,14,81
6715,엔화가치,63,110,173
6718,담긴,14,28,42
6720,향하,21,38,59
6721,개장,155,383,538
6722,내려왔,29,44,73
6723,불발,13,16,29
6724,도이치,8,31,39
6726,연일,45,96,141
6727,엔고,4,19,23
6728,점심,4,13,17
6729,코스닥,205,516,721
6731,발동,25,11,36
6732,원선,19,46,65
6733,회의록,39,36,75
6735,춘절,24,40,64
6739,약세장,18,25,43
6740,개인종합자산관리계좌,13,16,29
6741,내달,24,109,133
6742,일임,6,17,23
6743,신탁,25,74,99
6746,원재료,13,12,25
6747,이랜드,26,12,38
6751,이사회,52,124,176
6754,맡,32,77,109
6755,중국인,11,12,23
6756,관광객,31,23,54
6757,가져가,12,21,33
6758,논거,3,12,15
6761,생활,58,159,217
6762,중장년층,9,13,22
6766,순자산,70,181,251
6767,가격지수,11,74,85
6770,출,6,15,21
6771,그친,20,17,37
6772,재정승수,17,4,21
6776,문제점,23,25,48
6777,이점,9,9,18
6779,모,10,34,44
6781,신축,13,68,81
6788,분리과세,7,26,33
6789,공모주,24,50,74
6790,삼성바이오로직스,18,71,89
6793,중대형,17,28,45
6794,중위,1,26,27
6796,지급능력,3,13,16
6798,쉬운,8,28,36
6802,채무불이행,10,17,27
6808,전통,14,33,47
6809,인턴,2,14,16
6810,라운드,2,18,20
6818,되게,12,21,33
6822,쌍용양회공업,11,11,22
6828,현대로지스틱스,8,8,16
6829,노루페인트,16,5,21
6832,첨단,29,46,75
6833,중복,4,18,22
6836,가스,33,82,115
6844,두산엔진,13,18,31
6845,한진칼,12,9,21
6846,금호,3,17,20
6847,비화학,2,14,16
6848,삼성엔지니어링,12,7,19
6849,씨티그룹,14,17,31
6851,이랜드리테일,10,5,15
6852,두산인프라코어,15,34,49
6855,라인,12,34,46
6856,한라,13,76,89
6857,한라건설,4,18,22
6860,보성,3,14,17
6861,매일,57,84,141
6862,방송,26,28,54
6866,구,16,27,43
6870,유안타증권,33,53,86
6871,신정,34,61,95
6872,두산건설,55,44,99
6873,엔지니어링,10,10,20
6874,팜,12,35,47
6875,한농,8,16,24
6878,통안계정,13,7,20
6879,조국,15,19,34
6880,구매관리자지수,32,67,99
6881,기촉법,2,16,18
6882,입법,15,22,37
6884,워크아웃,33,245,278
6885,신용공여액,1,17,18
6886,제정,25,27,52
6887,신청,249,589,838
6888,어음,9,23,32
6890,금감원장,4,33,37
6891,거친,11,11,22
6893,야권,8,7,15
6894,반정부,10,6,16
6895,시위,14,23,37
6896,공세,6,25,31
6899,특위,10,6,16
6900,대법원,18,31,49
6901,친,12,44,56
6902,파라과이,12,17,29
6905,닫,7,14,21
6906,매장,15,42,57
6907,속출,7,23,30
6909,한신공영,13,12,25
6915,약진,6,12,18
6916,받아들여,11,15,26
6917,심상,9,14,23
6918,점쳐,8,14,22
6920,아웃퍼폼,7,16,23
6922,잠,4,11,15
6924,두산그룹,6,27,33
6928,SK브로드밴드,36,25,61
6929,이뤄지는,10,19,29
6932,편,15,16,31
6934,통화정책방향결정회의,17,9,26
6935,해외여행,20,29,49
6937,도,14,17,31
6938,궤도,11,31,42
6941,강연,11,18,29
6942,증거,56,71,127
6944,잃어버린,7,10,17
6945,근로,19,32,51
6947,공유,36,96,132
6948,웃도,78,98,176
6950,경제학자,18,51,69
6951,과장,44,32,76
6953,반드시,29,51,80
6954,교통,35,75,110
6956,자수,17,37,54
6958,보험금,41,31,72
6960,추격,13,22,35
6962,위상,15,17,32
6964,대응책,12,14,26
6965,금융서비스,29,48,77
6968,증가분,11,23,34
6972,최우선,11,34,45
6973,자산배분전략,30,12,42
6975,아름다운,9,8,17
6976,베일인,11,45,56
6977,현대차그룹,17,31,48
6978,점유율,20,56,76
6979,온라인,101,188,289
6981,성사,11,34,45
6982,먹거리,11,17,28
6983,금융회사,67,105,172
6984,채권자,40,96,136
6985,지주사,18,81,99
6986,리포트,29,92,121
6988,지주회사,41,20,61
6996,예금자보호,6,16,22
7000,무담보,11,14,25
7001,거액,8,12,20
7002,예금자,2,24,26
7004,보호,39,79,118
7006,가맹점,11,18,29
7007,수수료,107,273,380
7008,추월,7,17,24
7009,삼성카드,12,12,24
7015,고정이하여신비율,9,30,39
7016,카드론,30,38,68
7017,법정최고금리,16,12,28
7018,할부금융,36,12,48
7020,국민카드,9,14,23
7021,우리카드,7,11,18
7022,하나카드,4,13,17
7030,델,5,13,18
7031,기아차,14,2,16
7032,협력,58,170,228
7034,신차,21,44,65
7038,세단,10,9,19
7039,채널,37,56,93
7041,추종,53,128,181
7042,마트,10,19,29
7043,편의점,13,27,40
7044,점포,8,46,54
7046,오프라인,14,32,46
7049,쇼핑몰,9,18,27
7050,한반도,21,38,59
7052,왼쪽,20,55,75
7053,등,18,48,66
7054,입주,105,179,284
7055,재건축,54,67,121
7056,주택사업,16,6,22
7057,철도,15,57,72
7060,운행,9,10,19
7062,설치,28,73,101
7063,고속도,6,15,21
7067,구상,15,28,43
7068,국정,11,15,26
7069,기획,32,53,85
7070,자문,14,50,64
7073,질서,17,43,60
7074,공동,65,152,217
7075,도로,15,39,54
7077,지하철,15,42,57
7078,신설,69,135,204
7079,구로,9,8,17
7081,파란,6,12,18
7085,외자,17,6,23
7086,유치,39,103,142
7087,법률,41,45,86
7089,통일,3,19,22
7092,만기상환,9,6,15
7093,희석,11,23,34
7094,기초자산,22,111,133
7095,은행연합회,19,68,87
7096,보금자리론,46,136,182
7098,열기,17,26,43
7101,일드,6,10,16
7103,끈,7,19,26
7111,공고히,5,18,23
7112,소강상태,8,14,22
7113,들어갈,19,24,43
7114,부추겼,5,20,25
7116,할까,8,8,16
7117,다지,14,17,31
7119,발행기업,14,20,34
7120,공백기,11,6,17
7125,공휴일,4,11,15
7128,용산,34,37,71
7129,현대로템,32,37,69
7132,롯데손해보험,23,8,31
7133,롯데카드,16,13,29
7134,파라다이스,7,14,21
7136,하우,14,9,23
7137,코퍼레이션,24,18,42
7139,흡수합병,17,6,23
7140,가입자,52,97,149
7142,시장지위,17,17,34
7144,우선협상대상자,8,8,16
7145,너스,13,64,77
7146,유사시,20,19,39
7147,컴퍼니,13,22,35
7148,롯데그룹,17,12,29
7149,경영권,14,26,40
7151,조직,28,109,137
7155,과중,10,10,20
7156,고정비,10,19,29
7157,전사,9,9,18
7158,영업수익,38,16,54
7159,저,13,8,21
7161,판가,7,17,24
7162,외형,22,30,52
7163,강점,16,39,55
7165,편리,18,78,96
7166,용량,11,8,19
7172,유상증자,49,60,109
7173,모회사,23,38,61
7174,적립,85,98,183
7175,전방,13,21,34
7176,수익구조,15,10,25
7177,손상,21,26,47
7178,자구계획,8,13,21
7184,몰,14,19,33
7186,최대주주,28,51,79
7189,인건비,42,58,100
7194,로컬,4,15,19
7198,리비아,14,41,55
7200,유가증권시장,26,92,118
7204,독,13,14,27
7208,성장전략,7,18,25
7209,가용,11,7,18
7210,유휴생산능력,6,11,17
7212,순환,25,44,69
7213,역풍,7,16,23
7214,도출,42,42,84
7215,미스매치,9,16,25
7216,청년,360,524,884
7217,동남아,9,11,20
7218,양립,4,18,22
7221,충실히,5,17,22
7222,옮기,6,12,18
7223,통화정책방향문,5,15,20
7226,나타났으나,6,12,18
7227,채무재조정,9,15,24
7229,농림,7,18,25
7230,어업,5,16,21
7231,위함,13,20,33
7236,공원,28,93,121
7237,프로야구,2,13,15
7243,전했,151,429,580
7244,금융당국,96,242,338
7247,일환,27,47,74
7252,방어,54,105,159
7253,불가,9,34,43
7255,국세,19,22,41
7258,맞춤,58,108,166
7259,책정,25,65,90
7260,관광,28,45,73
7261,숙박,23,44,67
7262,공연,10,8,18
7264,저리,22,43,65
7265,융자,71,254,325
7266,기보,10,15,25
7267,보증료,8,62,70
7269,특례,141,216,357
7272,신고,27,45,72
7275,훈련,11,21,32
7276,지원금,45,53,98
7277,초단,12,8,20
7278,기물,7,12,19
7279,느껴,9,11,20
7281,서두르,25,82,107
7282,세아특수강,9,10,19
7283,달랐,9,12,21
7284,취소,27,64,91
7286,모으,50,60,110
7288,주저,11,9,20
7289,사라진,11,21,32
7290,현대미포조선,15,15,30
7291,진행할,16,32,48
7292,대신에프앤아이,8,24,32
7294,엇갈리,21,52,73
7295,판,51,123,174
7301,융통성,9,9,18
7302,면세,35,18,53
7304,긴장감,15,37,52
7305,남유럽,24,25,49
7306,단일시장,3,23,26
7307,입지,22,76,98
7312,예단,18,26,44
7314,가팔라졌,10,15,25
7318,이민,5,28,33
7319,쌓여,10,18,28
7320,이민자,4,12,16
7326,저지,7,21,28
7333,출신,21,40,61
7334,주민,21,47,68
7335,최저임금,36,110,146
7336,마땅,7,11,18
7337,나온,56,117,173
7339,떠나,22,30,52
7340,지위,33,40,73
7341,정해,10,24,34
7344,자동,45,76,121
7346,형,14,38,52
7351,다른,5,11,16
7358,미지수,11,16,27
7360,터지,4,14,18
7362,세,34,54,88
7363,장기구간,15,40,55
7364,대행,5,26,31
7366,나이지리아,14,20,34
7369,폴,5,37,42
7370,조선사,19,19,38
7375,하드웨어,2,26,28
7378,출자전환,13,9,22
7379,자율협약,14,11,25
7380,내걸,7,11,18
7381,법정관리,14,39,53
7382,사업구조,10,19,29
7383,소유,35,41,76
7384,해운사,12,17,29
7387,감,8,21,29
7388,컨설팅,17,76,93
7390,골자,20,31,51
7391,처한,5,16,21
7392,걸리,23,36,59
7396,고부가가치,10,15,25
7398,짓,17,37,54
7399,STX조선해양,7,20,27
7400,제2금융권,19,59,78
7401,아파트실거래가격지수,7,10,17
7402,공동주택,26,17,43
7404,총,35,46,81
7405,재개발,14,31,45
7406,한산,13,7,20
7408,한화테크윈,5,15,20
7409,보령,11,12,23
7410,터미널,10,27,37
7411,카카오,43,115,158
7412,노린,13,19,32
7413,롯데하이마트,12,20,32
7414,한솔홀딩스,14,8,22
7415,CJ대한통운,21,77,98
7416,씨,14,18,32
7417,브이,11,13,24
7418,신인도,13,14,27
7420,현금창출력,21,19,40
7423,브랜드,33,127,160
7424,드월드,12,3,15
7426,클럽,35,37,72
7427,시추,10,28,38
7428,상선,4,13,17
7429,운전자본,12,9,21
7430,모기업,4,13,17
7432,텔레,6,11,17
7436,업데이트,5,25,30
7443,플레인,10,16,26
7449,공방,11,25,36
7455,띠,11,30,41
7456,전술,4,11,15
7457,유휴노동력,10,21,31
7463,사의,14,12,26
7464,순항,8,18,26
7465,산업통상자원부,27,41,68
7469,증감율,13,6,19
7470,연합뉴스,237,715,952
7471,청주,13,4,17
7474,정규직,10,24,34
7476,전원,24,35,59
7479,산하,6,29,35
7481,공공기관,35,37,72
7482,속속,6,15,21
7485,직원,57,175,232
7490,예보,18,37,55
7492,산업부,3,18,21
7493,실업자,9,18,27
7497,재검토,9,7,16
7499,취급액,38,32,70
7500,가산금리,37,149,186
7507,에반스,3,15,18
7512,클리블랜드,17,10,27
7516,공석,6,23,29
7521,취임,25,46,71
7526,서머스,32,8,40
7527,대결,4,23,27
7528,노조,12,66,78
7530,청문회,13,81,94
7532,가결,18,12,30
7535,존경,6,9,15
7537,인터뷰,50,87,137
7538,상환액,12,29,41
7539,북부,11,15,26
7541,요원,7,12,19
7543,시기상조,20,56,76
7545,시뮬레이션,6,14,20
7548,공시이율,32,9,41
7557,신용시장,16,10,26
7558,기법,7,8,15
7561,기대수익,20,8,28
7564,총지출,23,11,34
7566,보정,4,14,18
7568,유용,23,32,55
7570,고채,31,32,63
7575,잭슨홀,8,9,17
7576,미팅,6,9,15
7577,환율보고서,12,11,23
7579,올라오,8,26,34
7580,사라졌,14,20,34
7585,담,60,161,221
7587,않,11,9,20
7589,테일러,5,10,15
7590,지지력,11,16,27
7593,이어가기,5,10,15
7594,그친다,5,22,27
7596,낮춘,27,81,108
7600,채미,13,9,22
7603,컨,8,27,35
7606,일중,14,23,37
7607,중위값,9,23,32
7611,체크,20,20,40
7614,대세,15,16,31
7617,대목,14,38,52
7619,제목,10,11,21
7626,역시,12,25,37
7628,단기채,18,18,36
7635,개발사업,19,43,62
7636,엔씨소프트,12,13,25
7639,연대보증,8,15,23
7645,힌트,5,36,41
7648,참가자,21,44,65
7650,개방,17,54,71
7651,가뭄,16,21,37
7656,개념,30,37,67
7659,철저히,12,29,41
7660,삶,25,40,65
7661,질,23,22,45
7664,유휴,5,15,20
7666,구성항목,7,11,18
7667,의결,20,38,58
7669,수수,11,15,26
7670,금금,10,9,19
7673,데이비드,2,16,18
7676,입안자,10,6,16
7677,부연,30,51,81
7679,들어갔,15,30,45
7681,국유기업,2,90,92
7683,진,4,17,21
7685,악영향,21,40,61
7686,신용거래,3,19,22
7690,직접금융,17,11,28
7696,우회,10,15,25
7697,기구,58,43,101
7700,유동부채,62,5,67
7701,예시,16,12,28
7702,승인,118,236,354
7705,움직여,6,10,16
7706,후유증,3,12,15
7708,자율,12,62,74
7711,재평가,14,31,45
7715,심천,8,9,17
7716,증자,14,13,27
7718,개요,7,9,16
7719,플랫폼,126,253,379
7720,부실화,31,43,74
7721,예방,20,35,55
7722,사모,45,121,166
7723,난항,16,19,35
7726,현대백화점,36,55,91
7727,대웅제약,3,13,16
7729,한진해운,45,22,67
7730,전남,17,35,52
7732,모스,14,22,36
7735,맥쿼리,10,5,15
7738,법정,13,23,36
7739,구두,29,29,58
7741,얼어붙,17,41,58
7747,외,51,39,90
7748,리보금리,10,12,22
7750,공적자금,7,20,27
7753,내려갈,19,35,54
7759,순환매,23,18,41
7761,먹,18,35,53
7763,든,15,12,27
7767,대부,43,17,60
7769,편한,21,16,37
7772,위험도,15,26,41
7775,흘러가,6,11,17
7776,지켜,12,18,30
7777,나중,9,12,21
7778,균등,13,24,37
7780,넣,30,47,77
7785,싼,6,20,26
7787,단지,160,328,488
7790,민간채권평가사,25,58,83
7791,수혜자,7,10,17
7793,싸,35,27,62
7795,출자,76,55,131
7800,당면,5,11,16
7803,용어,6,14,20
7805,조합,53,64,117
7806,실체,9,9,18
7807,모호,6,21,27
7810,경제학,19,60,79
7814,지진,38,34,72
7817,누증,27,13,40
7818,실정,8,14,22
7825,고용창출,8,10,18
7826,가수요,6,14,20
7827,버스,8,25,33
7831,청년층,40,59,99
7835,출산율,13,13,26
7837,증산,7,26,33
7838,금지,41,102,143
7841,캐피털,32,49,81
7842,지닌,5,21,26
7846,명품,7,24,31
7849,증권금융,4,19,23
7850,루머,12,13,25
7851,돌,29,31,60
7852,숏,20,20,40
7853,롱,7,38,45
7855,잇따라,16,35,51
7856,기울일,27,29,56
7857,잇따른,8,19,27
7858,고공행진,16,37,53
7860,미채권,14,7,21
7862,일자리수,9,8,17
7863,중간값,7,35,42
7864,재정부,19,15,34
7865,내비쳤,11,22,33
7866,독립,30,56,86
7868,역부족,14,19,33
7871,줄어든다는,9,7,16
7873,만만,21,20,41
7876,휘발유,14,48,62
7877,니켈,12,23,35
7878,귀금속,8,34,42
7880,커피,6,27,33
7887,전날,288,757,1045
7888,나가,8,18,26
7889,이스트,1,16,17
7890,차이나,20,29,49
7897,구비,5,12,17
7908,고속,7,16,23
7911,정액,23,14,37
7913,분납,5,10,15
7917,과징금,4,28,32
7921,대형화,14,9,23
7924,금융지주사,10,8,18
7926,껑충,8,18,26
7928,회장,67,253,320
7931,탔,6,19,25
7936,오른다,12,14,26
7937,전기차,103,314,417
7942,바스켓,9,8,17
7943,일민,5,12,17
7946,순포지션,1,126,127
7947,합의안,7,16,23
7950,리드,6,10,16
7954,전해졌,16,27,43
7955,외신,17,39,56
7956,부채한도,14,56,70
7958,데이,15,6,21
7960,재무성,21,17,38
7961,이뤄져,10,19,29
7966,들어가,23,51,74
7968,투기등급회사채,9,8,17
7969,재인,12,18,30
7972,버팀목,18,14,32
7976,접수,48,135,183
7977,프로세스,10,25,35
7980,관리목표,8,11,19
7981,극대,32,48,80
7982,증세,8,19,27
7983,시리아,20,23,43
7985,한풀,7,14,21
7986,웨스트,4,25,29
7987,팩,4,14,18
7988,고치,5,11,16
7989,경영자,3,24,27
7990,혼조,15,54,69
7991,보고,14,18,32
7994,기획재정부장관,14,46,60
7995,제일,24,35,59
7996,펼칠,9,9,18
7997,개진,16,25,41
8004,분업,10,6,16
8005,통로,11,10,21
8008,글,18,43,61
8014,적응,10,23,33
8015,관,17,10,27
8016,건,13,21,34
8018,신산업,42,17,59
8020,이어질지,8,21,29
8022,개별소비세,11,17,28
8025,임시,27,49,76
8026,일용직,12,15,27
8028,심도,7,10,17
8031,결혼,8,40,48
8036,안도,10,41,51
8037,진출,41,81,122
8040,보입니다,7,16,23
8043,제도개선,39,52,91
8045,활황,11,25,36
8047,지향,18,19,37
8049,금융중개지원대출,10,22,32
8050,재점검,12,10,22
8053,핀테크,14,75,89
8060,드리,7,30,37
8063,벤,4,15,19
8065,다우지수,39,67,106
8066,나스닥지수,133,347,480
8068,상하이종합지수,16,29,45
8069,FTSE100지수,20,35,55
8070,유로환율,16,13,29
8072,온스,14,62,76
8073,톤,16,19,35
8074,아연,8,13,21
8075,연방준비위원회,7,15,22
8076,주택건설협회,6,21,27
8079,유망,38,67,105
8080,참의원,12,24,36
8081,향배,5,23,28
8082,인플레갭,9,15,24
8083,폐쇄,25,49,74
8084,말국,11,22,33
8085,이종채,12,22,34
8086,밑도,39,54,93
8089,회복기,5,23,28
8090,기후,21,131,152
8092,빛,35,32,67
8093,발한다,13,27,40
8095,삼성디스플레이,13,7,20
8097,시설자금,19,49,68
8098,억,25,40,65
8099,LG상사,18,8,26
8102,효력,4,14,18
8103,둔다,7,8,15
8106,이은,14,35,49
8107,모아,51,154,205
8112,기대치,52,83,135
8113,뒤따를,7,14,21
8116,계약금융,31,82,113
8117,상환기금채,7,10,17
8121,LG이노텍,35,29,64
8122,CJE&M,6,12,18
8123,수력,35,38,73
8124,원자력,44,59,103
8125,풍산,15,17,32
8130,복원,6,22,28
8132,기대수익률,20,48,68
8134,노동수요,18,9,27
8138,상시,21,34,55
8142,정확도,8,9,17
8143,산업별,10,11,21
8144,가격결정,11,5,16
8145,요즘,14,34,48
8146,전역,11,29,40
8147,다가서,11,5,16
8149,강달러,27,29,56
8152,매도세,33,104,137
8158,지원책,14,24,38
8161,한국투자금융지주,9,8,17
8162,동아에스티,12,5,17
8163,량,8,27,35
8171,빅딜,8,20,28
8172,범,14,29,43
8173,컨트롤,7,16,23
8174,타워,32,65,97
8176,협의체,17,24,41
8179,따뜻,6,16,22
8187,중공업,13,40,53
8190,정제,10,21,31
8193,쌍용,5,10,15
8196,코오롱,15,20,35
8197,정책금융,50,86,136
8202,허가,12,23,35
8204,드러나,28,18,46
8207,상장사,32,67,99
8208,협의회,21,43,64
8209,농업,13,69,82
8213,단기자금,39,53,92
8214,빌리,23,45,68
8215,외환보유액,28,58,86
8217,협약,42,147,189
8222,채무조정,21,52,73
8231,신협,5,47,52
8249,채무보증,4,15,19
8250,지배주주,13,9,22
8251,방증,9,12,21
8254,기업개선작업,3,15,18
8255,착수,25,34,59
8257,약정,32,91,123
8259,재계,2,14,16
8263,정보통신,9,22,31
8264,항공,24,89,113
8266,우주,7,37,44
8267,분리,18,36,54
8271,이관,9,18,27
8274,도덕적해이,6,12,18
8277,해체,12,7,19
8278,기아자동차,32,8,40
8279,승계,7,22,29
8297,기아,64,146,210
8306,종업,1,14,15
8307,원수,9,15,24
8316,상사,6,16,22
8321,축산,8,25,33
8329,마이,6,35,41
8349,병원,42,102,144
8350,보도자료,6,19,25
8351,전력,30,80,110
8352,신용카드,54,81,135
8353,부동산신탁,7,12,19
8354,방송서비스,21,29,50
8356,메모리,15,95,110
8357,섬유,10,37,47
8358,해상운송,5,16,21
8361,도소매,13,19,32
8365,포스,5,51,56
8367,얼즈,1,21,22
8372,뜨겁,9,30,39
8374,부실기업,8,16,24
8375,컨퍼런스,6,40,46
8381,기업가,1,50,51
8384,의결권,11,27,38
8385,출석,12,44,56
8388,변제,11,12,23
8389,무제한,10,21,31
8390,법원,35,84,119
8391,최장,12,36,48
8396,스크리닝,1,16,17
8397,헬스,3,30,33
8398,필수소비재,1,20,21
8412,동부건설,13,36,49
8414,비우량,49,67,116
8417,집권,27,37,64
8421,시달리,6,20,26
8423,민영화,8,23,31
8425,공기업,24,50,74
8431,철저,10,18,28
8432,공무원,7,24,31
8434,국영기업,3,18,21
8440,졸업,19,29,48
8441,입사,3,14,17
8443,몸,5,16,21
8449,몰린,19,32,51
8451,다우존스,33,105,138
8453,고강,5,11,16
8454,감독청,2,13,15
8456,부결,8,13,21
8457,거절,7,21,28
8460,감원,9,18,27
8462,아문,2,30,32
8463,디,23,67,90
8465,달렸,4,11,15
8475,긍정,9,23,32
8479,센터,56,177,233
8484,입법화,16,5,21
8492,중후반대,9,19,28
8497,실무,5,10,15
8498,끼칠,4,12,16
8501,준칙,9,7,16
8503,색채,2,19,21
8505,감당,20,35,55
8507,움직인다면,3,24,27
8515,들여다보,10,12,22
8520,올랐으나,9,22,31
8521,고유,13,24,37
8522,과소,15,17,32
8523,거주,35,72,107
8526,입수,13,8,21
8527,마치,27,32,59
8528,유권자,20,17,37
8530,음,11,6,17
8532,내일,29,34,63
8533,사회보장,9,10,19
8536,해운업종,10,8,18
8537,강세장,13,65,78
8538,남동,8,11,19
8540,무보증사채,20,20,40
8542,미래에셋증권,64,195,259
8544,케이비,2,15,17
8546,엠,23,72,95
8547,효성캐피탈,18,6,24
8548,녹록,23,22,45
8549,세상,18,37,55
8550,쏠린,12,11,23
8551,겉,14,4,18
8557,증,10,16,26
8563,훈풍,24,70,94
8567,명절,33,67,100
8570,자본지출,4,15,19
8571,조달시장,11,5,16
8572,놓인,3,19,22
8575,수탁,10,12,22
8577,올레,4,107,111
8579,소수,15,27,42
8580,하성근,7,13,20
8583,템플턴,2,25,27
8584,글로벌본드,4,11,15
8591,감소분,12,8,20
8592,우크라이나,67,172,239
8594,룩셈부르크,13,30,43
8595,진척,10,8,18
8597,발달,9,8,17
8598,둘러싸,3,12,15
8605,확장국면,17,28,45
8606,떠받치,3,12,15
8608,밸류체인,14,24,38
8609,나타났으며,17,24,41
8612,중론,10,13,23
8614,경기민감,4,11,15
8615,비민,2,14,16
8616,경기민감물가,7,31,38
8624,대화,27,42,69
8625,긴밀,7,12,19
8627,베이징,26,51,77
8629,외교부,4,17,21
8633,부장,32,69,101
8636,고도화,13,50,63
8637,핵,8,15,23
8645,검사,22,100,122
8648,주권,7,11,18
8650,침해,8,22,30
8655,안보,26,44,70
8666,해상,7,27,34
8669,검찰,13,30,43
8672,방위,10,15,25
8675,상공,7,13,20
8679,무인,3,22,25
8684,걸린,2,14,16
8686,인근,46,94,140
8702,베이,11,46,57
8706,유엔,6,17,23
8711,출현,10,16,26
8718,중미,5,12,17
8719,시진핑,20,22,42
8723,부대,7,12,19
8730,사설,16,27,43
8732,국방부,11,15,26
8734,실험,9,13,22
8736,정세,14,19,33
8738,국토,19,22,41
8741,봉쇄,16,14,30
8742,맞춘,13,31,44
8748,비난,12,15,27
8751,긴장,25,72,97
8752,돌아오,14,45,59
8754,직간접적,6,9,15
8757,도전,36,70,106
8760,동맹국,5,11,16
8765,칼,15,46,61
8767,部署,1,15,16
8768,德,1,17,18
8769,是,1,14,15
8778,在,1,16,17
8783,北,6,20,26
8796,向,6,17,23
8799,不,1,14,15
8886,比,24,52,76
8903,新,9,13,22
8914,자사,24,53,77
8917,중국은행,11,28,39
8919,머니마켓펀드,11,43,54
8920,돼,34,79,113
8922,미지급,12,14,26
8925,대출비중,21,19,40
8930,꺼내,8,16,24
8931,들어선,2,15,17
8939,마이너스성장,16,14,30
8944,모건스탠리,17,60,77
8945,내세워,4,12,16
8946,이목,13,28,41
8948,제조업체,24,33,57
8951,완성차,27,41,68
8952,커진다,14,13,27
8953,결제수요,6,12,18
8954,애초,14,24,38
8958,조율,9,19,28
8960,세도,6,10,16
8964,일회성,3,15,18
8974,패소,5,12,17
8979,결성,14,14,28
8980,보잉,9,56,65
8982,월마트,28,6,34
8987,방산,25,81,106
8988,취약계층,29,108,137
8991,디지털,64,215,279
8993,경,11,19,30
8997,과소평가,7,9,16
8998,지적도,16,36,52
9000,조업일수,13,6,19
9002,최신,8,23,31
9003,단축,31,54,85
9005,로버트,7,21,28
9007,고전,8,15,23
9008,월가,134,271,405
9010,월스트리트저널,42,107,149
9011,돌릴,4,11,15
9013,추락,18,37,55
9014,중국인민은행,3,17,20
9015,초안,13,7,20
9018,엄격,14,23,37
9019,공포,33,39,72
9022,세일,6,9,15
9023,패키지,24,34,58
9025,투자등급채권,20,12,32
9028,권,7,9,16
9029,이해관계자,7,17,24
9034,해법,12,40,52
9037,가치평가,13,7,20
9043,양도,5,12,17
9045,생길,6,32,38
9047,돌이켜,14,10,24
9052,경제연구소,11,24,35
9053,각사,11,6,17
9060,주요주주,11,11,22
9061,저장,11,18,29
9063,현대오일뱅크,26,33,59
9064,씨제이,19,25,44
9065,헬로,6,15,21
9066,비전,19,61,80
9069,부지,26,55,81
9070,자인,6,11,17
9071,니스,7,24,31
9073,떠안,7,17,24
9074,인허가,24,34,58
9076,곧바로,11,14,25
9081,컨소시엄,16,22,38
9082,사모펀드,23,55,78
9083,두산밥캣,4,22,26
9087,동일등급,6,10,16
9089,가리,13,25,38
9092,왕,18,16,34
9095,비상금,6,28,34
9097,원금손실,12,27,39
9101,자산총계,19,8,27
9102,보험회사,24,20,44
9104,기피,11,21,32
9110,주인,19,65,84
9111,국부펀드,26,21,47
9115,거대,9,12,21
9117,서류,18,59,77
9119,써,21,15,36
9121,마음,21,37,58
9129,비결,7,10,17
9133,거세,10,20,30
9137,예탁금,15,26,41
9142,맡기,10,19,29
9143,투자신탁,7,17,24
9145,실세,17,11,28
9146,말잔,8,10,18
9147,금전신탁,4,18,22
9149,발행어음,29,19,48
9153,단기성,5,12,17
9155,탈출,15,32,47
9158,백,5,11,16
9159,투자의견,103,119,222
9160,단독,33,37,70
9161,S-OIL,16,16,32
9162,삼성토탈,14,8,22
9163,현대파워텍,16,2,18
9164,SK가스,24,2,26
9168,셀,13,40,53
9169,갤러리,9,13,22
9171,바란다,25,68,93
9172,혁,12,4,16
9173,영업익,74,18,92
9174,유동자산,63,6,69
9175,유동비율,63,8,71
9176,세전이익,67,6,73
9179,현대모비스,24,17,41
9181,롯데호텔,5,11,16
9182,삼성SDI,18,71,89
9184,GS리테일,6,15,21
9189,텔,9,8,17
9190,링크,7,10,17
9191,세아제강,13,13,26
9194,대성에너지,11,5,16
9195,동원F&B,7,8,15
9196,로지스틱스,7,9,16
9197,국도화학,13,6,19
9198,매일유업,11,8,19
9200,메,9,17,26
9201,세아홀딩스,12,7,19
9202,한일시멘트,10,11,21
9204,대한유화,11,5,16
9208,크라운제과,11,4,15
9209,AJ네트웍스,21,30,51
9214,기사,62,137,199
9215,활용도,9,23,32
9216,전세가,14,24,38
9217,이어간,3,17,20
9221,외부자금,11,9,20
9225,살피,12,15,27
9226,수시로,4,19,23
9234,기울여,8,10,18
9241,통화신용정책보고서,5,21,26
9243,경제분석,11,22,33
9244,협업,33,49,82
9248,장마,15,25,40
9249,건강,31,74,105
9254,경색,39,54,93
9255,사채권자,13,6,19
9256,진보,11,7,18
9257,지식,11,20,31
9258,서비스산업,8,8,16
9261,직업,3,12,15
9265,관세청,11,15,26
9266,비우량물,13,8,21
9267,지배구조,44,38,82
9268,과매도,20,25,45
9270,로드맵,7,23,30
9273,좀비기업,8,9,17
9275,기업금융,71,33,104
9277,이슈기업,2,17,19
9278,단,15,27,42
9281,과반,9,12,21
9283,한국판,15,9,24
9284,섣불리,10,28,38
9286,필연,10,5,15
9287,자주,13,27,40
9296,포커스,10,16,26
9297,지준,22,47,69
9301,대출태도,13,36,49
9302,답한,4,13,17
9304,터널,8,7,15
9305,협조,15,16,31
9306,실직,12,17,29
9312,연령대,12,26,38
9314,미뤄졌,8,7,15
9316,꼽히,25,42,67
9317,북한리스크,17,14,31
9318,국방비,4,13,17
9320,줄였,21,43,64
9322,공습,6,27,33
9324,상점,14,5,19
9325,스포츠,15,30,45
9327,오프,21,2,23
9333,환급금,9,12,21
9334,무선,11,5,16
9336,생긴,6,22,28
9341,난방,7,19,26
9344,셰일,6,22,28
9348,살펴,14,14,28
9350,지대,8,22,30
9351,여성,41,132,173
9352,은퇴,14,40,54
9358,원래,6,16,22
9361,바꿀,10,37,47
9362,일대,13,34,47
9363,흔들림,9,15,24
9366,버티,23,23,46
9369,공제회,20,26,46
9370,더블,4,23,27
9371,퍼스트,3,30,33
9375,유진투자증권,13,51,64
9382,거품,36,70,106
9386,처했,6,11,17
9388,중도금,37,109,146
9389,대출보증,7,24,31
9390,국지,9,7,16
9392,분양가상한제,7,25,32
9393,전매,3,23,26
9394,불법,77,48,125
9395,분양권,3,12,15
9396,단속,15,8,23
9398,돌려주,5,16,21
9399,영업손실,15,37,52
9401,절,9,29,38
9406,이뤄졌,16,53,69
9410,기댄,8,15,23
9411,마침,15,4,19
9412,진화,15,14,29
9414,테스트,27,53,80
9416,내려,27,37,64
9417,쉽사리,12,7,19
9418,지탱,11,17,28
9420,청탁금지법,6,9,15
9422,침체기,10,21,31
9423,나타난다,12,18,30
9426,규제가격,17,7,24
9429,여의치,8,10,18
9430,건물,42,99,141
9431,만전,7,32,39
9432,기해,7,11,18
9442,운임,13,25,38
9445,평형,11,9,20
9446,세밀,11,10,21
9447,페이,25,155,180
9448,중고차,38,45,83
9454,사흘,21,46,67
9455,석유수출국기구,5,11,16
9457,신주인수권부사채,9,8,17
9461,공급계약,13,7,20
9464,신주,9,13,22
9467,재정거래,63,8,71
9468,미국연방공개시장위원회,10,50,60
9472,이재용,4,11,15
9473,부사장,9,30,39
9475,끈다,16,41,57
9489,동맹,37,19,56
9491,銀,10,33,43
9493,株,16,20,36
9494,2차전지,33,122,155
9495,간격,6,14,20
9498,보낼,6,9,15
9500,전액,69,140,209
9501,숨고르기,13,56,69
9502,미연준의장,13,16,29
9503,래리,10,11,21
9504,접,11,7,18
9509,걸음,7,11,18
9518,몰릴,6,13,19
9519,놓이,6,11,17
9521,포드,11,13,24
9523,결과물,12,12,24
9529,잠깐,8,10,18
9532,갈림길,27,5,32
9541,선고,9,21,30
9544,공직,12,3,15
9554,기소,22,14,36
9559,뇌물,11,5,16
9562,성,20,15,35
9563,혐의,31,35,66
9566,작전,7,12,19
9567,재판,14,13,27
9568,구속,12,17,29
9576,징역,15,12,27
9577,평생,3,15,18
9578,항소,6,9,15
9579,사법,13,18,31
9584,적격,30,16,46
9585,심사,61,110,171
9589,국민당,5,10,15
9590,사면,6,80,86
9592,리더,3,24,27
9596,쇼,9,11,20
9606,나빠질,10,6,16
9609,급속히,9,10,19
9611,훌쩍,10,22,32
9613,순간,11,16,27
9621,보여준다,13,25,38
9626,영국은행,10,12,22
9635,낫,12,20,32
9637,획기,7,9,16
9638,돌려,13,18,31
9642,셈,3,14,17
9643,브,19,43,62
9644,르,12,27,39
9654,괜찮,17,17,34
9655,출자금,12,5,17
9657,커버,28,11,39
9660,늘어난다,7,26,33
9661,느슨,3,13,16
9666,버틸,10,7,17
9667,돌아온다,6,15,21
9674,자산군,25,21,46
9675,줄어든다,10,13,23
9681,더뎌,7,11,18
9682,각광,7,19,26
9686,에이스,28,46,74
9690,텍,16,34,50
9694,농축산물,9,11,20
9699,가득,6,11,17
9701,문의,22,47,69
9702,차등,14,23,37
9703,초과유동성,16,2,18
9704,보유액,6,16,22
9707,딜,16,50,66
9714,지급액,17,9,26
9716,여유자금,16,24,40
9717,융자금,11,21,32
9719,공개시장,5,19,24
9724,지급준비금,7,37,44
9725,할당,8,13,21
9726,담보물,11,13,24
9732,모인,5,11,16
9733,모여,8,11,19
9735,두루,9,8,17
9740,수위,8,31,39
9741,부활,13,38,51
9746,턴어라운드,11,20,31
9748,뷰,8,26,34
9749,일단락,20,21,41
9751,전약후강,4,12,16
9752,앞당겨질,7,22,29
9760,땐,24,36,60
9762,베어스티프닝,11,9,20
9765,남겨,9,12,21
9771,덩달,5,22,27
9772,우려감,19,30,49
9774,단연,8,8,16
9782,탄력성,11,31,42
9784,대란,20,14,34
9789,공적연금,8,14,22
9790,수령,26,23,49
9794,다만,4,17,21
9796,근래,12,15,27
9798,기술혁신,12,20,32
9802,세분화,10,18,28
9803,해양플랜트,6,9,15
9813,보내,17,37,54
9815,나란히,34,75,109
9817,팩트,3,19,22
9819,노리,13,34,47
9824,상하위,3,12,15
9825,만기구간,6,9,15
9827,양자,18,30,48
9830,연말효과,13,7,20
9831,겨냥,17,31,48
9833,조달비중,16,6,22
9835,투심,43,105,148
9836,활기,15,25,40
9837,불어넣,11,11,22
9839,한국전력공사,8,11,19
9841,예대율,19,24,43
9842,토탈,16,20,36
9843,한국금융지주,25,19,44
9844,성적,9,27,36
9847,굮,14,5,19
9848,풀무원,8,10,18
9851,경쟁사,19,27,46
9852,손해율,109,4,113
9854,발전소,13,27,40
9859,방사능유출사태,4,15,19
9861,고물가,56,95,151
9867,이화진,11,10,21
9872,보탬,9,13,22
9873,사자,25,81,106
9874,났,15,29,44
9877,대외채무,6,34,40
9881,우량채,13,29,42
9882,우량채권,11,17,28
9884,두려움,9,18,27
9887,근본,7,15,22
9888,줄여야,13,11,24
9891,선별,26,43,69
9893,황,51,72,123
9894,미주,4,11,15
9895,노선,69,103,172
9896,컨테이너,27,11,38
9898,물동량,5,19,24
9903,그룹사,4,14,18
9905,자본총계,25,13,38
9906,에스티,14,3,17
9907,엑스,22,11,33
9909,용지,5,11,16
9913,분양률,8,16,24
9918,쌍용건설,15,8,23
9919,선수금,21,14,35
9921,잔량,16,5,21
9923,운송장,7,17,24
9925,해운대,14,2,16
9931,BBB+등급,5,12,17
9936,FTSE100,7,11,18
9937,엔원,8,8,16
9938,공개시장조작,3,15,18
9939,적수,21,21,42
9947,경제전문가,6,14,20
9949,진짜,5,13,18
9954,돌아올,7,10,17
9967,머리,7,15,22
9976,대상국,3,12,15
9977,흔들,6,12,18
9980,수정치,8,14,22
9981,주유소,38,6,44
9987,자영업,27,38,65
9990,반사이익,3,15,18
9991,가구수,7,9,16
9995,승용차,8,26,34
9996,힘써,5,11,16
9997,못지않,9,8,17
10001,시의,8,10,18
10002,도착,7,10,17
10005,안건,25,29,54
10007,슬로바키아,11,28,39
10009,딜레마,8,19,27
10010,빠진,24,45,69
10012,지형,6,10,16
10014,매수포지션,14,20,34
10021,이뤄진,12,37,49
10024,일련,9,18,27
10026,서둘러,11,25,36
10029,기울이,10,19,29
10031,제이차,7,20,27
10034,스탠,2,32,34
10036,동부증권,13,15,28
10044,미워도,2,34,36
10045,하폭,11,30,41
10047,만기도래액,3,19,22
10050,현대증권,23,25,48
10053,한국캐피탈,10,32,42
10054,채권보유비중,6,9,15
10055,이머징국가,17,23,40
10058,이태리,6,21,27
10062,매도포지션,14,16,30
10064,내려와,3,12,15
10074,직매입,7,13,20
10077,추측,6,23,29
10083,연례,4,18,22
10085,참석,42,143,185
10087,실렸,5,10,15
10088,필터,9,16,25
10093,재정증권,5,20,25
10096,보강,5,18,23
10103,도금,3,15,18
10111,학계,6,15,21
10112,패러다임,14,29,43
10114,중장기영역,11,6,17
10123,발현,8,8,16
10124,점치,6,17,23
10126,회자,7,9,16
10127,북클로징,5,16,21
10131,투기자금,6,9,15
10132,통계국,26,64,90
10133,노동통계국,5,14,19
10138,발판,11,10,21
10139,국가통계국,10,7,17
10146,나흘,1,28,29
10148,식량,12,8,20
10151,수직,7,17,24
10154,휴일,8,13,21
10161,뛰,62,99,161
10167,박,40,142,182
10168,이데일리,744,1864,2608
10172,고른,7,11,18
10174,원치,3,12,15
10176,배송,8,48,56
10179,관여,3,13,16
10181,가이드라인,14,24,38
10189,아이파크,4,18,22
10191,사모사채,4,16,20
10195,안녕,2,26,28
10197,에너지섹터,5,30,35
10199,붐,18,23,41
10201,배율,6,19,25
10204,국제에너지기구,1,17,18
10209,이라크,3,19,22
10210,소,11,48,59
10214,장악,6,11,17
10219,오일,9,20,29
10221,에너지산업,1,16,17
10224,진영,4,15,19
10229,예멘,3,34,37
10230,알제리,12,12,24
10232,쿠웨이트,2,15,17
10233,큰손,14,28,42
10234,연방준비제도,296,767,1063
10236,몰렸,42,59,101
10238,잇달,8,24,32
10239,뉴욕증시,219,572,791
10249,테크,72,249,321
10250,부도,49,56,105
10252,폭탄,5,14,19
10253,주소,8,10,18
10256,웰스,3,36,39
10257,파고,1,31,32
10258,인수합병,18,47,65
10259,브릿지론,8,39,47
10263,잇,7,27,34
10269,이렇,16,22,38
10278,웃,9,17,26
10280,베네수엘라,1,28,29
10283,기재부,34,72,106
10299,신재생에너지,6,36,42
10301,역레포,1,35,36
10302,패,8,8,16
10303,광산업,16,5,21
10305,폐업,41,44,85
10308,아세안,19,26,45
10309,빨랐,10,10,20
10313,일지,11,8,19
10322,수차례,2,13,15
10327,교육,75,119,194
10329,감세정책,17,13,30
10331,미국인,10,18,28
10334,조언,37,113,150
10338,신흥시장,7,26,33
10339,드러낸,5,10,15
10341,완만히,10,8,18
10342,지양,8,7,15
10348,서,17,38,55
10350,유익,12,7,19
10351,온전히,9,12,21
10352,비금속,12,32,44
10353,광물,8,22,30
10355,시험,11,18,29
10356,입증,38,24,62
10359,대한상공회의소,13,8,21
10360,총요소생산성,3,12,15
10361,조망,7,19,26
10364,주택구입,28,37,65
10365,살펴봐야,8,12,20
10366,확연,8,10,18
10368,반사,9,11,20
10371,바꾼,4,11,15
10372,트,80,76,156
10373,럼,30,5,35
10374,플레이션,7,8,15
10375,바람,9,24,33
10379,국장,33,46,79
10381,찬,9,14,23
10383,완성,17,19,36
10384,심의,25,28,53
10388,결의,19,24,43
10390,놓치,11,17,28
10391,퇴직,11,26,37
10392,직장,17,39,56
10394,고소득층,12,6,18
10396,메디케어,4,12,16
10400,아동,11,21,32
10404,보건,14,18,32
10406,학자금,8,24,32
10408,내세웠,5,17,22
10409,라이언,7,9,16
10411,방해,11,20,31
10417,종결,9,11,20
10423,PMI지수,11,8,19
10425,벌써,6,19,25
10426,행복,23,25,48
10427,초대,16,34,50
10428,갖춘,23,48,71
10429,막상,8,8,16
10438,엇갈렸,11,24,35
10439,감사보고서,17,32,49
10442,용기,4,12,16
10448,NH투자증권,44,161,205
10454,발행한도,18,26,44
10460,프로젝트파이낸싱,70,207,277
10462,간접투자,2,14,16
10464,벤처,33,33,66
10468,샀,10,10,20
10469,이럴,8,20,28
10470,만난,3,15,18
10472,녹십자,16,31,47
10476,신사업,17,25,42
10477,마켓,299,871,1170
10484,한파,14,55,69
10487,탁월,2,17,19
10496,솔루션,97,220,317
10502,교보,8,18,26
10503,지에스,16,13,29
10507,균,8,24,32
10508,김정현,7,18,25
10511,장애물,10,7,17
10513,창당,12,11,23
10516,기상악화,2,17,19
10520,필수,19,69,88
10524,금융통화위원,3,14,17
10525,상용직,15,7,22
10527,국제결제은행,11,21,32
10531,날씨,8,18,26
10532,용품,4,22,26
10533,납,5,22,27
10538,작물,5,12,17
10539,줄줄이,20,61,81
10541,좌동,10,21,31
10542,수익증권,26,11,37
10547,규제안,3,19,22
10549,투자자보호,15,16,31
10552,현선물,7,15,22
10560,바라보,33,44,77
10564,그,9,34,43
10565,지니,5,10,15
10568,기간프리미엄,5,16,21
10575,무너진,12,7,19
10576,재건,9,13,22
10577,본토,23,45,68
10578,인센티브,20,41,61
10582,엇갈린,9,18,27
10585,한라그룹,1,22,23
10588,기업공개,20,44,64
10590,평택시,2,18,20
10596,송파구,13,25,38
10600,제동,5,26,31
10603,정몽원,1,20,21
10607,잠실,8,12,20
10608,공정위,6,30,36
10616,로지스,6,30,36
10618,창고,11,81,92
10627,오락,6,23,29
10628,스택,1,23,24
10631,주식회사,4,19,23
10638,물질,14,9,23
10639,의약품,19,77,96
10642,수집,7,15,22
10647,조경,6,12,18
10665,공개매수,23,5,28
10668,투자자문,9,10,19
10674,기일,8,15,23
10678,만주,19,58,77
10690,성장기,4,19,23
10693,장기차입금,1,16,17
10694,부채총계,11,10,21
10696,자기주식,4,15,19
10700,설계,42,115,157
10702,플라스틱,11,9,20
10708,조작,15,34,49
10712,전문기업,12,26,38
10713,제휴,9,80,89
10719,사료,10,15,25
10724,순서,9,24,33
10725,시공,23,56,79
10726,건설업체,19,21,40
10729,공항,24,34,58
10735,호반,22,27,49
10737,현대엔지니어링,8,19,27
10738,대손,7,8,15
10742,미니,10,23,33
10744,중소,64,129,193
10745,융통,2,15,17
10751,주선,3,16,19
10752,푸,19,35,54
10756,KB손해보험,14,15,29
10757,발행주식수,14,3,17
10758,최고가,36,156,192
10759,최저가,15,6,21
10760,외국인지분율,25,6,31
10762,배당수익률,76,58,134
10763,투자포인트,5,10,15
10768,업그레이드,9,26,35
10769,목표주가,122,92,214
10772,P/B,11,6,17
10773,삼영전자,18,1,19
10777,재무상태표,7,25,32
10778,이자이익,23,26,49
10779,비이,14,11,25
10782,충당금전입액,10,7,17
10783,영업외손익,15,1,16
10784,예수금,14,17,31
10787,평잔,7,17,24
10788,초과수익,13,23,36
10794,며칠,7,15,22
10798,자연스레,4,13,17
10799,대북리스크,5,11,16
10804,조정안,12,6,18
10809,바클레이스,7,8,15
10810,관찰대상국,11,7,18
10817,넘긴,8,20,28
10819,매주,13,43,56
10822,주자,15,32,47
10825,앉,5,11,16
10826,듣,10,29,39
10829,맞이,17,35,52
10834,부통령,11,5,16
10837,시티,30,59,89
10838,손보,25,13,38
10840,굿,7,16,23
10843,가액,33,24,57
10844,극히,7,17,24
10847,신계약,52,10,62
10848,실손,5,10,15
10851,사업비율,55,1,56
10855,투자이익,15,3,18
10856,손해액,15,1,16
10857,사업비,49,24,73
10865,메인,12,5,17
10867,단단,18,5,23
10868,폭력,6,10,16
10871,불편,21,38,59
10873,전하,6,15,21
10877,기모,18,4,22
10883,금과,14,22,36
10889,메탈,4,11,15
10893,부부,23,84,107
10895,김정은,4,21,25
10896,정말,5,18,23
10899,싫,6,9,15
10903,종사자,11,20,31
10910,사회안전망,11,7,18
10915,콘텐츠,62,136,198
10918,손익분기,11,16,27
10920,적립금,49,27,76
10921,비자,2,13,15
10923,대형주,52,158,210
10926,예비,24,44,68
10927,조명,3,13,16
10930,집중도,15,4,19
10931,상응,9,12,21
10933,기업체,9,8,17
10936,외환당국,40,52,92
10944,필라델피아제조업지수,10,8,18
10947,달러화가치,9,29,38
10948,전산,49,52,101
10951,드디어,4,11,15
10952,순발행액,7,9,16
10953,어제,10,17,27
10957,할부,10,65,75
10958,리스,12,33,45
10959,외곽,4,13,17
10962,파괴,8,15,23
10970,석,41,28,69
10973,옥석,11,30,41
10976,여겨진다,5,10,15
10977,아쉬움,2,14,16
10978,부응,10,14,24
10981,높여야,6,18,24
10982,중계,12,30,42
10988,애매,10,20,30
11005,OIS스프레드,17,3,20
11007,증권거래위원회,10,36,46
11009,양도성예금증서,84,130,214
11016,메우,8,16,24
11019,여야,16,21,37
11021,수시,20,24,44
11024,현대카드,8,21,29
11025,들어올,4,13,17
11027,골디락스,7,29,36
11028,즐기,21,11,32
11034,자산시장,29,59,88
11035,귀,4,14,18
11042,돌리,8,21,29
11045,봐도,8,15,23
11052,건설업종,18,16,34
11056,미래에셋자산운용,48,126,174
11058,가전제품,8,11,19
11059,환급,52,122,174
11061,공공임대,7,15,22
11063,노동자,13,38,51
11065,이전지출,14,14,28
11068,부동산임대업,7,14,21
11070,준수,10,17,27
11075,기준가,5,12,17
11079,쌓이,13,13,26
11084,성급,14,27,41
11085,무너지,19,14,33
11087,자립,32,56,88
11092,나갔,7,17,24
11093,정신,7,20,27
11097,일조,15,24,39
11099,느낄,6,9,15
11105,결제,67,143,210
11109,절실,15,17,32
11116,방문,57,139,196
11129,삼성생명,75,27,102
11132,대부업체,26,9,35
11135,밀린,15,36,51
11159,현금배당,12,10,22
11164,사외이사,11,31,42
11167,양도세,8,30,38
11180,묶인,4,13,17
11188,반발,34,55,89
11189,뛰어난,8,22,30
11190,배려,5,16,21
11194,치명,11,5,16
11199,길이,7,10,17
11205,사진,602,1558,2160
11210,종식,12,15,27
11211,다면,8,8,16
11212,달째,24,29,53
11213,끝났,11,8,19
11215,거둘,15,17,32
11218,화이트리스트,40,2,42
11220,닷컴,15,27,42
11222,일어나,20,41,61
11228,우상향,11,16,27
11230,후폭풍,4,12,16
11238,헤지펀드,23,50,73
11239,레포,29,80,109
11247,무위험,11,10,21
11251,분배금,19,84,103
11252,도구,8,18,26
11255,변환,7,8,15
11268,자본이득,10,5,15
11276,은행세,61,5,66
11278,해명,8,9,17
11288,패배,6,12,18
11292,프라,8,26,34
11296,차츰,9,19,28
11299,칩,19,47,66
11301,변했,6,12,18
11306,대체재,2,14,16
11307,유무,6,12,18
11314,현금창출능력,3,15,18
11319,재발,11,19,30
11320,질환,10,12,22
11322,다가올,3,12,15
11337,투자계획,11,10,21
11342,지리,7,9,16
11343,대응력,17,12,29
11346,진료,26,31,57
11348,임상,39,14,53
11350,경비,2,14,16
11353,시장지배력,7,10,17
11354,의료기기,5,10,15
11359,파이프라인,7,8,15
11364,치료제,38,41,79
11368,백신,52,46,98
11372,접종,28,17,45
11373,검진,3,18,21
11374,간단,13,13,26
11375,약국,8,13,21
11376,체인,5,28,33
11377,면허,5,12,17
11378,머크,12,5,17
11379,본드,11,15,26
11385,하우스,6,32,38
11387,우선시,5,14,19
11388,플랫트닝,11,17,28
11390,권유,5,17,22
11392,매도우위,14,54,68
11393,끌어올렸,20,44,64
11395,조속히,10,16,26
11398,코스콤,5,14,19
11400,전년도,5,16,21
11405,가할,8,11,19
11407,중요도,13,10,23
11410,반짝,3,13,16
11411,유로달러환율,6,9,15
11412,지준일,13,4,17
11415,외평채,12,8,20
11430,서울시,22,71,93
11431,영등포구,11,23,34
11433,빌딩,21,76,97
11435,처,10,23,33
11436,마포구,6,12,18
11439,총력,11,18,29
11442,열쇠,7,10,17
11449,미결,7,8,15
11453,쇼핑,18,36,54
11455,연평도,4,12,16
11458,금현,3,48,51
11463,싣,5,18,23
11470,발휘,10,35,45
11471,드물,10,11,21
11475,스트레스,45,75,120
11476,리얼,6,26,32
11477,타임,6,10,16
11478,역설,11,16,27
11479,넉넉,6,19,25
11481,발목,10,31,41
11489,치열,17,41,58
11491,청신호,4,21,25
11502,쥐,4,15,19
11507,소프트랜딩,3,14,17
11508,중앙,62,196,258
11516,디딤돌,20,16,36
11517,호텔신라,22,25,47
11518,허브,4,27,31
11519,미정,8,8,16
11522,베스트,27,56,83
11527,커버리지,16,15,31
11528,증설,12,25,37
11531,뉴,28,68,96
11536,소식통,4,11,15
11540,서방,12,21,33
11542,충돌,6,44,50
11543,푸틴,8,17,25
11546,반군,2,35,37
11547,휴전,25,10,35
11548,지도자,4,11,15
11550,對,3,16,19
11551,내려앉,8,23,31
11555,벌이,15,16,31
11556,비싸,16,40,56
11558,데스,10,8,18
11559,방크,15,18,33
11560,순탄,5,13,18
11562,달라,7,12,19
11563,웹,11,13,24
11571,평소,11,19,30
11577,임원,14,48,62
11578,연봉,4,30,34
11582,배당주,9,22,31
11583,주총,8,37,45
11596,세종시,6,15,21
11606,예약,11,37,48
11607,단체,19,46,65
11612,무료,27,67,94
11613,유료,4,24,28
11621,원주시,3,14,17
11622,시내,19,41,60
11630,자연히,9,28,37
11645,선도,13,34,47
11651,크리스틴,3,29,32
11652,라가르드,4,69,73
11655,결합,14,68,82
11656,금융업계,6,16,22
11657,파리,11,10,21
11658,테러,9,35,44
11665,아메리칸,4,25,29
11666,장생,1,15,16
11667,난민,1,25,26
11670,종교,5,13,18
11675,장수,1,23,24
11690,추,6,16,22
11691,가을,2,13,15
11693,임의,11,15,26
11704,장외시장,3,14,17
11712,표기,4,11,15
11714,기업가치,47,129,176
11716,디커플링,14,16,30
11720,클릭,10,6,16
11724,신세계건설,19,27,46
11725,택,5,13,18
11730,대손충당금적립비율,1,26,27
11736,비엠,34,83,117
11742,메르세데스,3,32,35
11743,벤츠,8,53,61
11747,순이자마진,10,26,36
11748,만기액,8,7,15
11752,권리,11,39,50
11754,묶,6,18,24
11758,기지,12,20,32
11765,탠,12,3,15
11766,내후년,8,33,41
11769,신용잔고,10,14,24
11770,삼성전기,11,34,45
11782,필라델피아반도체지수,18,37,55
11787,야간,9,11,20
11788,비차익,27,26,53
11790,간밤,169,489,658
11792,현금비중,11,6,17
11796,출하량,6,34,40
11801,기후변화,8,22,30
11804,특허,6,10,16
11806,케이블,17,11,28
11807,문자,11,21,32
11809,경매,56,103,159
11812,다양화,3,14,17
11814,환원,89,62,151
11815,판매량,30,67,97
11818,전장,157,369,526
11820,주도주,6,15,21
11822,빗,3,15,18
11824,플레이,10,24,34
11831,고수익,18,18,36
11833,전지,2,22,24
11837,항공사,8,15,23
11839,생산시설,7,12,19
11841,진입장벽,5,14,19
11842,선점,11,23,34
11843,조선주,2,13,15
11852,KODEX레버리지,4,12,16
11855,삼성화재,68,13,81
11888,KCC건설,10,11,21
11890,엘앤에프,2,46,48
11897,셀트리온,14,79,93
11916,현대글로비스,5,15,20
11917,시너지,10,17,27
11918,매출원가,3,15,18
11923,종목군,9,6,15
11925,인터내셔널,6,18,24
11937,신용융자,2,46,48
11941,근월물,12,16,28
11949,레이트,9,17,26
11950,센트,32,63,95
11951,도요타,9,19,28
11952,머스크,21,22,43
11954,노무라,16,27,43
11959,마이크론,5,61,66
11961,수자,7,8,15
11962,정주,6,12,18
11966,목전,6,14,20
11969,리딩,9,8,17
11972,들어설,8,16,24
11973,말라,15,6,21
11974,안양,6,13,19
11980,외환규제,13,2,15
11986,세트,9,19,28
11987,현물환,23,42,65
11989,담겨,5,14,19
11990,이뤄지기,7,8,15
11991,평가손실,18,24,42
11992,해약,10,17,27
11993,커머셜,45,1,46
11994,임채민,3,15,18
11996,떠오르,12,19,31
11999,증진,9,18,27
12009,넘어갈,5,10,15
12012,크리스마스,5,10,15
12017,금시장,4,35,39
12019,담겼,5,27,32
12021,실수,18,13,31
12022,일찍,14,11,25
12029,송금,4,16,20
12036,슨,2,19,21
12039,기념,20,61,81
12044,내주,7,28,35
12048,파이터,1,18,19
12049,브렌트,3,17,20
12050,터치,12,54,66
12054,중국발,5,24,29
12056,모았,18,38,56
12059,미친다,11,22,33
12073,다보스포럼,1,19,20
12074,날갯짓,16,2,18
12075,시리즈,7,31,38
12076,불플래트닝,11,7,18
12078,돌아갈,8,17,25
12080,제임스,9,14,23
12082,윌리엄,7,18,25
12085,위안화가치,7,15,22
12087,니케,4,20,24
12094,간월,1,14,15
12113,고등,8,15,23
12114,관리감독,4,12,16
12123,노동조합,3,28,31
12124,블록,34,59,93
12130,자산관리,22,100,122
12133,벌금,7,11,18
12147,주가수익비율,7,19,26
12148,매진,5,15,20
12149,자금사정,23,13,36
12153,차익거래,19,25,44
12157,고위험,4,30,34
12163,열풍,24,49,73
12169,본회의,37,45,82
12171,조사국,13,18,31
12174,밀착,4,12,16
12176,기저,14,14,28
12177,성장주,42,67,109
12178,음식점,7,11,18
12179,비은행권,6,13,19
12180,인공지능,93,294,387
12181,클라우드,13,39,52
12184,보건복지,10,5,15
12190,비효율,7,11,18
12194,인내심,9,18,27
12196,늦춰질,14,21,35
12198,개인사업자,38,81,119
12199,신중히,14,17,31
12201,주의깊,13,17,30
12207,달라졌,13,17,30
12213,빅데이터,13,41,54
12215,비주거,3,13,16
12216,상가,16,63,79
12218,외화자금,11,19,30
12219,외화차입,13,5,18
12224,상여금,11,23,34
12226,재무비율,4,14,18
12227,입출,20,14,34
12229,정기예금,78,107,185
12230,인출,14,33,47
12233,출구,10,9,19
12238,통화안정증권,19,31,50
12239,유통수익률,6,16,22
12240,더한,7,21,28
12248,법무부,4,30,34
12250,웨이,6,10,16
12257,울산,15,33,48
12260,금융정책결정회의,11,67,78
12263,전무,14,41,55
12264,셧다운,7,21,28
12268,공존,13,36,49
12271,지도부,9,20,29
12276,월급,7,14,21
12279,만기구조,5,11,16
12283,딜러,71,162,233
12291,실수요,24,21,45
12292,외화부채,13,2,15
12294,양도소득세,7,11,18
12301,올리브영,4,82,86
12302,내정자,14,28,42
12307,제언,9,25,34
12308,호응,15,19,34
12309,서울대,10,41,51
12312,석사,12,3,15
12316,무대,4,11,15
12321,부임,3,12,15
12322,지낸,7,11,18
12324,자라,7,10,17
12325,코드,12,63,75
12328,고르,11,26,37
12333,머니,24,41,65
12348,충남,15,84,99
12357,정책조합,4,24,28
12358,뜻한다,13,35,48
12368,담보부,12,15,27
12371,네트웍스,5,10,15
12380,조화,14,10,24
12386,최종결제,11,9,20
12391,수급주체,4,18,22
12393,뒀,10,30,40
12397,크로스,11,4,15
12398,수원,19,29,48
12416,한국개발연구원,6,10,16
12420,일원,29,57,86
12428,홈,5,34,39
12430,인사청문회,1,14,15
12431,당월,7,8,15
12434,신용보증,21,119,140
12438,금융섹터,3,12,15
12444,중개,38,44,82
12449,해고,17,37,54
12454,에프앤가이드,6,24,30
12455,주저앉,4,13,17
12461,중앙값,12,7,19
12463,상거래,4,11,15
12467,반도체장비,8,26,34
12472,설명회,14,38,52
12476,의제,36,10,46
12479,리그,5,18,23
12481,기업인,8,17,25
12484,가격전가,10,5,15
12486,드릴,7,16,23
12492,커머스,18,29,47
12493,정원,16,34,50
12497,사업영역,8,8,16
12500,입금,13,32,45
12505,유혹,11,4,15
12507,마친,11,42,53
12511,끼치,7,11,18
12517,케피코,4,14,18
12523,화해,10,21,31
12526,현대건설기계,16,14,30
12527,연대,11,15,26
12528,캡티브,18,30,48
12530,기할,9,12,21
12536,엄정,9,10,19
12542,남성,21,25,46
12548,국무,7,12,19
12550,교육비,9,6,15
12551,의료비,14,10,24
12555,가변,9,7,16
12557,국립,3,30,33
12562,외화예금,4,16,20
12582,이슬람,1,20,21
12591,구조화,11,41,52
12593,커버리지비율,4,12,16
12602,수협은행,25,12,37
12604,간소,11,19,30
12610,항,27,6,33
12630,리튬,5,33,38
12663,윤,39,114,153
12670,기어,22,2,24
12676,로봇,19,87,106
12730,수소,10,39,49
12732,D램,8,29,37
12736,차세대,16,37,53
12747,스미토모,6,10,16
12752,테크놀로지,18,26,44
12756,이미지,38,84,122
12771,후공정,5,10,15
12775,신용위기,7,9,16
12783,비싼,8,33,41
12786,너무나,8,8,16
12789,학습,7,14,21
12791,달러가치,36,62,98
12793,종종,5,13,18
12796,반월,7,10,17
12807,부를,10,9,19
12818,저렴,28,85,113
12824,나온다면,5,16,21
12828,인포,19,7,26
12829,맥스,7,27,34
12837,문재인,15,9,24
12838,위기설,9,12,21
12839,합당,7,11,18
12842,디젤차,20,1,21
12843,감시,7,14,21
12845,라인업,12,49,61
12850,운전자금,13,38,51
12852,배출,6,12,18
12853,주어지,4,13,17
12856,내세운,10,6,16
12870,기하,5,17,22
12873,생계비,6,19,25
12875,다발,14,8,22
12880,반년,8,12,20
12891,응찰액,5,13,18
12894,급매물,6,17,23
12897,숏커버,9,15,24
12902,물류센터,19,131,150
12911,대표이사,15,51,66
12936,종신,9,9,18
12941,리브,25,21,46
12942,우르,12,14,26
12943,과라니,11,11,22
12944,불가리아,21,24,45
12945,코루나,11,11,22
12946,크로아티아,18,21,39
12947,쿠나,11,11,22
12948,즐,11,11,22
12949,로티,11,11,22
12950,동북아시아,23,23,46
12951,타이완,22,22,44
12952,디나르,21,21,42
12953,자메이카,11,11,22
12954,케냐,11,11,22
12955,실링,11,11,22
12956,나이라,11,11,22
12958,푸른색,6,12,18
12959,동북,6,11,17
12961,파키스탄,11,21,32
12962,루마니아,12,17,29
12963,스리랑카,11,11,22
12964,끌어내렸,6,13,19
12966,트렌치,19,36,55
12971,그래도,7,13,20
12979,호영,14,1,15
12980,유찰,8,18,26
12986,부산은행,13,33,46
12990,순매수비중,6,14,20
13008,밀려,9,19,28
13010,신영증권,11,25,36
13014,저소득층,30,22,52
13015,자금난,17,31,48
13033,금융감독원장,4,58,62
13035,검색,2,19,21
13037,랩,12,58,70
13042,되풀이,7,10,17
13046,진지,4,16,20
13048,실업보험청구,7,10,17
13049,키웠,17,56,73
13053,명예,2,15,17
13057,돌아온,6,13,19
13062,가산,21,32,53
13070,위해선,22,46,68
13072,없애,11,28,39
13073,비만,8,27,35
13078,타이트한,7,10,17
13080,늦출,9,16,25
13087,가리키,5,26,31
13089,격,6,12,18
13101,빌린,6,13,19
13109,자녀,33,126,159
13115,돼야,8,23,31
13125,중개인,3,17,20
13134,식당,7,10,17
13135,가공식품,20,11,31
13137,불평등,24,6,30
13140,이뤘,11,10,21
13145,학생,9,23,32
13151,입학,3,12,15
13152,부모,13,60,73
13156,대학원,19,9,28
13196,브로커리지,5,13,18
13198,학부,4,18,22
13199,뽑,10,20,30
13202,내려간,10,21,31
13205,골목,3,18,21
13206,경쟁자,5,10,15
13208,방치,5,19,24
13218,땅,9,17,26
13230,배우,5,13,18
13235,트럭,3,13,16
13237,인프라스트럭처,5,10,15
13252,아침,12,22,34
13259,눈앞,14,28,42
13261,금리재정거래,16,5,21
13277,자금이동,10,9,19
13282,피아제,27,2,29
13287,꺼리,8,15,23
13290,농촌,8,13,21
13296,양사,9,18,27
13297,사업계획,2,27,29
13299,계좌,185,358,543
13300,원격,3,13,16
13301,개설,19,58,77
13306,규칙,7,15,22
13309,수당,11,21,32
13327,투자회사,14,13,27
13343,루블화,10,10,20
13353,잉여현금흐름,9,9,18
13357,얼,7,18,25
13363,발발,6,14,20
13367,상승장,8,29,37
13368,신년사,3,40,43
13375,분위,20,14,34
13377,상고하저,13,8,21
13378,호실적,50,47,97
13381,퀀트,3,18,21
13384,생성,11,60,71
13388,김경훈,1,14,15
13389,읽,3,23,26
13392,오른쪽,5,32,37
13396,낸,17,42,59
13398,이어진다,5,15,20
13402,개별종목,6,21,27
13404,정했,1,16,17
13406,알아보,7,26,33
13407,널,1,15,16
13408,상장폐지,6,18,24
13418,스크린,5,16,21
13427,사무,7,9,16
13439,한샘,1,16,17
13446,메리츠화재,47,13,60
13448,KT&G,10,20,30
13452,동부화재,13,2,15
13455,신년,4,72,76
13460,환수,7,18,25
13469,라운지,6,17,23
13478,건보,17,8,25
13482,약관,13,35,48
13483,대담,7,13,20
13487,파트너십,4,27,31
13488,거쳐야,5,15,20
13494,완,12,11,23
13501,이웃,1,15,16
13504,분담금,23,9,32
13509,일정금액,9,8,17
13510,피스,1,20,21
13511,컬,5,22,27
13522,주식발행,8,10,18
13526,아베,14,8,22
13546,파트너,10,46,56
13547,고위,13,36,49
13548,당국자,19,16,35
13553,접목,5,17,22
13555,전세시장,6,11,17
13556,생활안정,6,24,30
13559,민생안정,9,19,28
13562,보급,8,32,40
13563,서버,14,52,66
13564,제조사,5,22,27
13567,패시브,5,18,23
13568,외화채권,9,14,23
13571,저소득,9,14,23
13578,금융부채,10,7,17
13579,노인,15,35,50
13580,전세자금,33,61,94
13587,광산,5,18,23
13596,서면,4,22,26
13605,고심,9,19,28
13610,레터,2,16,18
13611,발송,6,23,29
13615,유관,5,16,21
13618,공단,13,15,28
13621,납세자,7,23,30
13623,대상자,13,43,56
13624,보완자본,8,13,21
13630,문턱,19,24,43
13634,직무,12,15,27
13637,비리,10,10,20
13647,수사,31,28,59
13651,거뒀,14,25,39
13652,센트럴,21,31,52
13653,공략,26,31,57
13655,간극,8,14,22
13657,내려갔,30,46,76
13663,높인,17,23,40
13664,견디,6,9,15
13665,판로,17,6,23
13666,개척,17,15,32
13668,개막,6,23,29
13670,전시,9,23,32
13674,채굴,18,71,89
13681,금융투자업계,34,96,130
13682,이창용,61,170,231
13684,떠오른,8,15,23
13687,나뉜다,5,14,19
13696,정산,6,13,19
13703,無,2,14,16
13705,위기극복,15,18,33
13712,돌아왔,6,11,17
13718,실거래,22,39,61
13735,밀릴,13,7,20
13741,간다,19,16,35
13743,합류,17,13,30
13744,벨,5,13,18
13756,협회,53,63,116
13757,종이,15,62,77
13759,환전,25,61,86
13760,액도,6,10,16
13768,거래비중,12,14,26
13770,챌린지,16,28,44
13781,하늘,5,11,16
13784,구멍,8,18,26
13787,양키본드,12,8,20
13798,간신히,7,14,21
13805,채광,3,14,17
13812,선두,7,30,37
13818,반도체업종,11,51,62
13823,광업,7,13,20
13827,제1금융권,6,11,17
13829,요주,4,15,19
13833,닛케이지수,18,142,160
13834,대출액,11,16,27
13835,손실액,3,13,16
13843,소관,12,6,18
13848,총자산회전율,3,12,15
13853,자본력,9,13,22
13855,수술,8,14,22
13856,통지,6,13,19
13859,출연,25,79,104
13875,민자,9,6,15
13878,토끼,8,9,17
13879,교보생명,6,46,52
13880,한화생명,75,12,87
13881,예정이율,50,7,57
13882,코코,13,7,20
13889,신성장동력,15,24,39
13891,소재용,1,26,27
13898,양성,8,14,22
13899,예술,7,21,28
13901,운수,25,80,105
13916,농가,15,43,58
13938,유망섹터,10,7,17
13939,헐값,9,7,16
13941,경기소비재,10,12,22
13942,주택대출,29,10,39
13948,스튜디오,7,26,33
13960,감수,13,26,39
13964,융합,11,9,20
13972,유독,6,23,29
13973,무력,3,19,22
13994,부르,8,12,20
13998,중소형,14,49,63
14002,도널드,17,44,61
14005,소기업,5,35,40
14015,환자,20,33,53
14019,근절,12,10,22
14031,사내,5,33,38
14032,번호,5,10,15
14050,섬유의복,4,23,27
14073,실장,19,79,98
14087,양지,11,25,36
14091,영업점,21,74,95
14093,국가채무비중,19,1,20
14096,차액,6,24,30
14097,초과수요,7,12,19
14100,이차보전,10,28,38
14110,육아,14,78,92
14111,휴직,6,59,65
14113,어린이집,10,20,30
14114,신혼,12,79,91
14116,초등,14,16,30
14117,돌봄,11,44,55
14120,소상공인,263,777,1040
14121,재기,12,28,40
14124,지방세,14,8,22
14126,취득세,13,21,34
14131,시총,60,107,167
14132,증권거래세,7,14,21
14134,등기,14,17,31
14139,광역시,5,16,21
14145,협,10,32,42
14155,국회의원,20,22,42
14157,정규,9,11,20
14169,분주,5,10,15
14170,자본주의,8,10,18
14174,지배력,14,4,18
14179,삼성그룹,10,5,15
14182,전업,29,8,37
14186,일가,8,17,25
14188,공익법인,2,22,24
14189,인수단,10,20,30
14198,비상장,5,10,15
14208,미래에셋생명,47,6,53
14209,동양그룹,4,21,25
14211,합리,11,33,44
14212,지침,17,28,45
14215,내부통제,4,59,63
14221,소장,12,16,28
14232,숏포지션,7,16,23
14239,생명보험협회,11,18,29
14241,채웠,47,89,136
14245,수명,4,12,16
14255,비즈니스,40,34,74
14256,보냈,17,18,35
14261,위쪽,16,6,22
14265,표지,8,7,15
14270,깎,11,16,27
14280,기한이익상실,8,18,26
14282,지원계획,5,11,16
14286,파크,37,39,76
14292,대여금,9,6,15
14294,공정가치,19,12,31
14303,금융투자업,4,11,15
14313,발행주식,3,36,39
14319,상호금융,15,25,40
14320,기승,11,9,20
14321,주담대,119,402,521
14322,담보인정비율,5,12,17
14330,케이씨씨,14,4,18
14331,맥쿼리인프라,6,20,26
14346,엔시스,10,6,16
14354,크레,3,14,17
14364,서천,5,42,47
14365,봄철,7,10,17
14388,소리,5,10,15
14405,공사비,52,58,110
14406,잔금,4,31,35
14421,과천,21,22,43
14422,유입액,9,16,25
14423,순매수액,5,26,31
14430,카르텔,4,16,20
14432,나선다고,4,15,19
14437,테,9,10,19
14441,주택도시보증공사,11,39,50
14445,넓히,6,18,24
14457,이일형,2,30,32
14460,접근법,2,14,16
14473,일어난,6,13,19
14475,놀,5,17,22
14476,조동철,3,14,17
14478,요국,7,15,22
14479,이부진,1,17,18
14481,초중,6,20,26
14491,메모,13,20,33
14498,콜시장,12,34,46
14504,압류,2,19,21
14507,필두,9,23,32
14517,일제,14,10,24
14518,출판,10,22,32
14520,됩니다,10,13,23
14521,예하,14,16,30
14522,펼쳤,4,23,27
14523,층,44,89,133
14524,알리,8,54,62
14528,좁혀졌,7,17,24
14530,건의,8,17,25
14532,최적,23,42,65
14534,보관,14,31,45
14546,버전,6,10,16
14549,신속히,18,22,40
14550,담대,9,18,27
14555,뛴,14,59,73
14564,재연,7,8,15
14572,레인지장세,6,14,20
14587,부회장,7,42,49
14593,지하,9,27,36
14597,아이폰,8,59,67
14598,질주,7,14,21
14605,충전,6,22,28
14606,공모주청약,7,10,17
14622,홀,3,13,16
14638,금값,15,128,143
14642,장사,5,17,22
14644,들어왔,38,73,111
14650,한국자금중개,13,33,46
14657,청,9,24,33
14679,담합,2,31,33
14681,쏟아져,4,11,15
14684,해외진출,9,14,23
14686,캠코,4,25,29
14692,중소기업금융,6,11,17
14696,주주환원정책,32,36,68
14697,배당성향,19,20,39
14701,확전,2,18,20
14708,주최,13,32,45
14711,분봉,41,116,157
14743,전용,90,137,227
14749,이자소득,27,26,53
14751,원천징수,12,4,16
14762,투자액,4,24,28
14772,로레타,15,9,24
14775,빌,11,26,37
14777,시니어,5,48,53
14783,고용원,14,14,28
14793,풍성,4,16,20
14795,둬야,6,12,18
14796,한화손해보험,32,11,43
14799,고승범,2,14,16
14807,우하향,7,10,17
14808,KB국민카드,10,35,45
14815,공지,6,28,34
14819,열렸,8,14,22
14823,내놨,17,61,78
14825,막혀,3,16,19
14832,배상,14,105,119
14837,가져갈,13,10,23
14843,라이프,19,25,44
14844,홈플러스,6,34,40
14859,두드러질,6,12,18
14864,집단행동,15,15,30
14871,싸움,9,30,39
14885,리파이낸싱,14,24,38
14898,카,6,29,35
14901,생산함수,7,24,31
14908,실증,21,10,31
14909,보편,5,14,19
14910,입량,1,40,41
14922,기각,5,11,16
14927,립,8,31,39
14933,주의보,5,11,16
14939,검단,17,25,42
14940,암,10,31,41
14946,점수,23,104,127
14952,츠,4,15,19
14955,한국주택금융공사,4,31,35
14969,바,5,14,19
14983,후보군,5,11,16
14992,블룸버그통신,33,71,104
15006,죽,2,15,17
15007,시동,6,23,29
15012,맥,8,9,17
15016,탐욕,15,23,38
15030,오너,5,18,23
15048,도약,21,65,86
15065,리카,4,12,16
15069,제프리,8,7,15
15071,패트릭,5,13,18
15084,촉각,5,14,19
15086,찰스,3,20,23
15089,닐,29,12,41
15109,민간기업,4,23,27
15110,월단위,2,16,18
15112,톡톡히,2,13,15
15114,시너지효과,7,9,16
15119,수료,7,12,19
15126,보낸,7,11,18
15129,건설산업,20,10,30
15147,코로나,319,365,684
15152,재택근무,5,22,27
15154,감염병,41,16,57
15155,유행,5,11,16
15159,대유행,1,15,16
15161,제때,8,12,20
15171,삼정,1,14,15
15172,회계법인,23,16,39
15176,모을,3,13,16
15179,민관,8,10,18
15184,부동산투자신탁,7,20,27
15185,장벽,12,9,21
15192,궁성,2,19,21
15221,방역,54,14,68
15242,상공회의소,7,29,36
15246,최다,8,27,35
15249,설립자,3,12,15
15253,긴급자금,8,11,19
15258,경북,11,21,32
15260,런던,7,55,62
15261,고래,2,18,20
15263,칼럼,5,14,19
15266,고용보고서,15,38,53
15287,트레이더,37,74,111
15299,변이,15,5,20
15301,산단,3,21,24
15304,유진,9,10,19
15310,절세,14,34,48
15311,정반대,5,18,23
15315,말년,1,25,26
15317,편익,6,10,16
15318,비대,45,85,130
15328,브랙,1,16,17
15329,시트,1,18,19
15349,쌍,6,17,23
15351,줄인,10,18,28
15360,로스,5,34,39
15362,채권퉁,1,41,42
15363,債券,1,18,19
15364,通,1,20,21
15367,양회,10,53,63
15368,반환,12,39,51
15374,개통,13,64,77
15393,대해선,30,75,105
15429,경협,14,20,34
15430,품,13,18,31
15438,빠져나갔,4,17,21
15441,빠져나가,6,18,24
15444,유해,2,14,16
15445,미군,7,22,29
15453,초청,5,10,15
15457,상권,13,31,44
15459,사업주,6,21,27
15467,북경,4,13,17
15482,과일,21,58,79
15490,기준가격,1,14,15
15496,협동,1,15,16
15497,텍사스,5,15,20
15517,일상,12,41,53
15521,데일리,6,43,49
15536,혼인,6,23,29
15538,생계,6,14,20
15553,구매자,7,19,26
15555,시장조사업체,6,9,15
15558,내림세,25,63,88
15562,첨단산업,22,11,33
15564,휴직자,4,16,20
15575,살리,22,28,50
15604,플,15,8,23
15609,예대금리차,27,35,62
15616,딩,6,20,26
15619,외면,11,27,38
15623,사장,41,123,164
15624,냈,35,63,98
15625,외화채,7,14,21
15628,사교육비,2,13,15
15643,재난,12,24,36
15646,마틴,3,18,21
15647,루터,2,15,17
15648,킹,4,24,28
15651,기획재정위원회,9,14,23
15666,넘치,8,7,15
15684,고환,3,12,15
15708,착한,4,12,16
15711,관련주,27,97,124
15723,주주총회,26,42,68
15724,위탁,17,21,38
15732,산업단지,10,44,54
15744,中企,9,13,22
15747,자동차보험료,8,10,18
15748,잇단,7,10,17
15754,나노,15,7,22
15757,연다,2,13,15
15780,신생,2,13,15
15789,실용,4,11,15
15814,소형주,11,29,40
15815,중형주,10,19,29
15817,중형,6,19,25
15818,가치주,16,11,27
15825,지급일,4,37,41
15830,부동,24,49,73
15841,실수요자,11,24,35
15858,힐,20,67,87
15864,배당락일,6,52,58
15867,개장전,22,42,64
15875,배당률,12,19,31
15879,프로그램매매,4,14,18
15883,사격,6,12,18
15889,고급,6,36,42
15894,금선물,5,41,46
15901,조달자금,6,16,22
15915,대출심사,10,33,43
15917,치였,16,17,33
15925,연방공개시장위원회,64,351,415
15926,정례,6,17,23
15927,맞이해,5,13,18
15931,두기,23,7,30
15937,이동성,6,9,15
15939,선수,7,8,15
15941,통신비,5,17,22
15943,바이러스,11,9,20
15947,다주택자,8,7,15
15949,눈여겨볼,5,10,15
15958,프라임,6,14,20
15967,개수,6,16,22
15974,강원,8,17,25
15982,살아남,6,9,15
15984,김지영,55,1,56
15985,아이엔지생명,34,1,35
15986,동양생명,47,6,53
15988,DB손해보험,31,15,46
15989,현대해상,44,5,49
15990,개인연금,29,8,37
15995,이익율,4,19,23
15997,보장성보험,28,5,33
16002,아빠,8,14,22
16003,보너스,4,15,19
16006,중증,10,7,17
16012,용역,12,13,25
16014,장밋빛,5,12,17
16017,굴리,10,6,16
16018,계약자,12,31,43
16021,재보험,23,1,24
16025,연금보험,16,9,25
16026,준다,13,19,32
16032,수혜주,9,13,22
16033,변액,22,2,24
16034,생명보험사,16,30,46
16042,전입액,49,1,50
16043,금전,10,8,18
16045,적립액,10,10,20
16047,수익금,9,15,24
16051,사망,18,35,53
16057,타사,5,17,22
16061,가입금액,3,13,16
16062,어린이,5,12,17
16069,수령액,15,2,17
16072,연금저축,10,15,25
16075,손해보험사,7,12,19
16078,신화,8,7,15
16079,오피스텔,62,169,231
16080,수익형,9,13,22
16081,사들인,6,28,34
16082,이뤄,8,30,38
16090,할인율,4,23,27
16093,화재,10,85,95
16101,보험약관,10,9,19
16122,연신,16,2,18
16124,신계약비,16,2,18
16125,유지비,17,2,19
16126,각비,12,3,15
16128,금중,11,28,39
16129,지급금,8,9,17
16130,전순,16,1,17
16133,시납,7,8,15
16134,전입,5,10,15
16141,자동차보험,22,6,28
16160,사적,2,14,16
16172,맹점,10,6,16
16177,안내,24,60,84
16180,괴리율,21,2,23
16182,英,7,14,21
16183,코스피200,12,17,29
16192,특판,30,64,94
16201,상용화,3,12,15
16202,임대차,15,52,67
16203,보호법,5,10,15
16204,세입자,1,15,16
16206,사용액,5,15,20
16207,비스,15,13,28
16208,대면,22,40,62
16214,기회비용,3,17,20
16243,복현,9,88,97
16248,희비,7,23,30
16263,증거금,2,16,18
16294,공무원연금,11,4,15
16305,스타,28,89,117
16314,책임지,7,11,18
16322,모기지론,4,14,18
16333,사인,15,17,32
16342,새마을금고,20,31,51
16343,수요층,7,8,15
16344,연소득,23,27,50
16347,이용자,28,68,96
16355,달해,14,25,39
16371,구인,6,66,72
16378,충북,15,13,28
16387,바이든,37,105,142
16391,가상화폐,10,43,53
16403,대중교통,6,24,30
16406,신고가,26,140,166
16409,극명,8,11,19
16424,팬데믹,101,191,292
16428,포스트,8,14,22
16429,혁명,12,19,31
16452,판매가격,3,19,22
16455,세종,30,55,85
16469,러셀,8,14,22
16472,어닝서프라이즈,15,17,32
16488,뛰어나,4,13,17
16494,알파,11,45,56
16503,집값,51,127,178
16509,팔리,5,12,17
16510,브루킹스연구소,4,14,18
16511,블로그,4,12,16
16525,패스,3,14,17
16545,서구,11,26,37
16565,보유자,5,24,29
16578,페소화,52,22,74
16579,페소화가치,17,7,24
16582,세웠,11,24,35
16591,세우,4,22,26
16610,소재부품,9,15,24
16632,건설현장,14,21,35
16637,생태계,14,47,61
16666,신약,30,25,55
16674,폭스바겐,37,18,55
16685,손쉽,6,37,43
16690,팔레스타인,12,11,23
16696,선택권,4,12,16
16720,이체,18,9,27
16732,올라간,12,15,27
16756,설탕,1,14,15
16757,목재,12,45,57
16771,역동,6,14,20
16774,라파엘,9,26,35
16789,실업보험,10,10,20
16795,정정,3,21,24
16798,토로,6,10,16
16823,주가연계증권,10,42,52
16828,쏠린다,7,19,26
16829,펼쳐지,7,9,16
16831,공시지가,3,16,19
16867,재미있,10,26,36
16878,만선,6,32,38
16887,공부,5,12,17
16888,가이드,10,8,18
16892,부산시,4,14,18
16895,사옥,28,51,79
16905,배터리,24,84,108
16917,놀라,7,14,21
16929,상한선,14,12,26
16942,정통,7,8,15
16947,광명,36,10,46
16952,파마,9,13,22
16953,솔라,7,12,19
16972,경매시장,3,12,15
16979,헝다,4,13,17
16987,병목,11,4,15
17002,앤디,13,13,26
17018,밸류,180,170,350
17022,수탁고,18,13,31
17027,분산투자,16,33,49
17031,CAC40지수,18,36,54
17033,피했,5,17,22
17039,따,4,20,24
17049,스트립,3,26,29
17072,꺾였,9,24,33
17090,트럼프리스크,15,5,20
17091,화제,5,11,16
17093,매니저,25,40,65
17126,탈당,5,16,21
17131,존슨,7,14,21
17138,겨울철,5,10,15
17143,택배,10,30,40
17144,배달,20,13,33
17147,무화,9,7,16
17149,상장지수펀드,81,274,355
17164,탑,12,8,20
17172,차회,2,55,57
17173,당좌예금,9,19,28
17178,갈지,8,16,24
17181,새,27,74,101
17187,침공,6,11,17
17201,세운,9,61,70
17204,거래처,8,9,17
17207,돌려받,9,24,33
17227,주효,15,8,23
17230,DB금융투자,4,20,24
17234,군인공제회,3,12,15
17236,악성,5,10,15
17240,탄생,11,18,29
17241,은행법,15,8,23
17276,불린다,7,12,19
17286,뱅킹,6,58,64
17289,가족,16,57,73
17294,웹사이트,7,9,16
17296,랭킹,1,21,22
17298,식수,2,26,28
17302,배당기산일,1,25,26
17303,상당액,3,17,20
17306,손익계산서,1,27,28
17310,하이브리드,4,24,28
17319,공매,11,28,39
17330,자산가,3,17,20
17335,마이너스통장,2,17,19
17339,사무실,10,38,48
17342,수출금융,1,19,20
17352,프레시,11,4,15
17356,무주택,17,30,47
17358,포럼,39,27,66
17359,탄소중립,7,25,32
17362,명의,6,14,20
17368,민생,84,205,289
17374,교육부,6,15,21
17380,하락장,7,19,26
17392,구차,1,70,71
17398,살펴야,7,11,18
17402,이직,2,19,21
17406,조코,13,3,16
17417,재미,7,11,18
17448,만났,10,20,30
17456,경찰,12,12,24
17468,무효,10,11,21
17470,화면,16,17,33
17498,테슬라,150,373,523
17500,광고,38,83,121
17509,가든,7,11,18
17515,제조기업,8,15,23
17533,빈일자리,14,9,23
17538,켐,20,27,47
17547,시간외거래,16,23,39
17603,크림,2,13,15
17610,사이버,6,19,25
17642,금융서비스위원회,9,24,33
17648,영상,15,26,41
17677,평민,16,1,17
17682,광주광역시,4,16,20
17683,태영,11,48,59
17692,한미사이언스,13,5,18
17697,경제매체,11,9,20
17707,잡혔,3,12,15
17708,금융규제안,16,1,17
17713,확립,14,6,20
17714,폐,8,10,18
17716,자산유동화,13,26,39
17734,이승수,36,1,37
17742,그렸,5,10,15
17748,흥분,10,8,18
17752,드립니다,16,29,45
17763,가를,3,13,16
17767,상생,66,321,387
17770,불어난,4,12,16
17776,초과분,7,15,22
17785,캡,11,49,60
17802,어닝,12,3,15
17813,울퉁불퉁,14,30,44
17814,젊,17,32,49
17822,홍,11,96,107
17848,하나증권,25,95,120
17863,존중,11,7,18
17892,산원,20,44,64
17913,아웃풋갭,1,14,15
17922,중고,4,13,17
17924,실내,6,19,25
17929,케어,10,15,25
17936,임신,4,18,22
17942,인접,13,39,52
17952,힘쓰,7,14,21
17955,상환자금,14,23,37
17960,사와,6,13,19
17976,톰,8,7,15
17994,위성,9,8,17
17995,지구,14,66,80
18013,도는,4,15,19
18031,인간,9,6,15
18037,사용자,26,106,132
18050,빌릴,8,13,21
18052,설날,5,12,17
18079,웃돈,38,76,114
18084,프로모션,30,43,73
18085,회원,17,35,52
18086,일회성비용,9,8,17
18088,캐시백,26,88,114
18100,대장,8,27,35
18105,쿠팡,3,20,23
18111,전담,14,28,42
18117,목표액,26,47,73
18123,로고,7,13,20
18125,작품,4,13,17
18142,들여,7,12,19
18143,세무,6,12,18
18181,범유럽,16,30,46
18201,기술력,11,22,33
18202,보안,8,23,31
18208,임대주택,7,22,29
18209,밀집,10,16,26
18216,징,9,6,15
18267,평화,8,18,26
18292,기본법,10,5,15
18320,고갈,9,6,15
18329,선대,2,13,15
18353,정관,8,11,19
18370,이지스,12,8,20
18394,마크,4,17,21
18402,잉글랜드은행,5,11,16
18411,그리드,1,16,17
18413,대기자금,8,16,24
18419,팝,6,13,19
18429,비즈,12,32,44
18434,홍보,19,26,45
18458,건설기업,14,5,19
18481,달래,10,7,17
18482,로이터,60,127,187
18509,난,7,16,23
18510,휴식,11,9,20
18515,올라선,16,13,29
18519,네고,28,91,119
18521,퓨,9,27,36
18522,비트,14,52,66
18524,토스,66,137,203
18538,조달청,15,2,17
18540,인증,26,61,87
18541,여주,5,19,24
18549,소집,3,12,15
18580,배운,8,9,17
18583,자랑,2,22,24
18585,벽,19,9,28
18598,주목도,2,13,15
18602,응답률,6,32,38
18604,스틸,3,25,28
18611,아끼,5,12,17
18629,배당소득세,5,14,19
18635,출산,23,91,114
18668,부동산펀드,17,13,30
18674,골든,6,14,20
18692,증원,10,25,35
18695,상속세,16,41,57
18709,검역,4,22,26
18730,선거구,13,11,24
18761,무주택자,14,22,36
18775,서울대학교,10,11,21
18778,대통령실,16,50,66
18789,사무소,15,27,42
18811,본부장,45,91,136
18816,시화,3,15,18
18847,제주항공,9,13,22
18848,알짜,10,11,21
18850,공모펀드,15,25,40
18858,고액자산가,5,22,27
18866,정두리,11,39,50
18867,함영주,1,25,26
18872,뿌리,4,14,18
18876,나무,2,19,21
18884,김보겸,11,42,53
18886,KB자산운용,19,58,77
18887,삼성자산운용,20,119,139
18890,앱,54,152,206
18891,삼전,2,18,20
18892,대장주,5,56,61
18896,탑재,4,24,28
18897,유준,74,239,313
18903,파운드리,4,17,21
18905,엔비디아,345,490,835
18914,라스트,6,27,33
18915,마일,6,30,36
18917,피벗,21,79,100
18926,드린다,6,13,19
18928,납부액,5,18,23
18930,공헌,2,15,17
18935,레고켐바이오,4,15,19
18936,항체,4,11,15
18937,약물,11,13,24
18945,전세임대주택,3,15,18
18946,소유자,3,17,20
18948,대학생,4,25,29
18950,입주자,8,39,47
18952,낸다,2,13,15
18956,무이자,11,82,93
18957,당첨자,5,33,38
18958,김국,4,21,25
18959,카카오뱅크,60,145,205
18960,저신용자,37,44,81
18961,측은,14,22,36
18966,최정희,56,90,146
18967,갑진,2,15,17
18970,교도,2,16,18
18971,스와프,66,156,222
18972,다우존스30산업평균지수,112,260,372
18974,페드워치,77,238,315
18980,사회적책임,3,12,15
18986,윤석열,22,95,117
18989,경영전략,6,15,21
19006,권익,8,9,17
19018,시장운영팀,8,16,24
19019,이은정,14,56,70
19023,시카고상품거래소,60,214,274
19024,마이크로,7,21,28
19025,나스닥100,6,23,29
19026,소셜,9,23,32
19027,커뮤니티,48,76,124
19029,신청일,9,12,21
19033,옵션프리미엄,3,13,16
19035,업무지구,4,12,16
19037,F&F,2,15,17
19038,김성수,12,26,38
19044,강남구,12,34,46
19049,계약금,24,94,118
19053,서비스기업,8,10,18
19056,지하층,17,50,67
19057,지상,19,55,74
19064,움직인다,54,135,189
19072,성실,12,28,40
19075,박상현,5,29,34
19076,전문위원,18,58,76
19077,피봇,9,31,40
19079,장서,18,69,87
19081,운용역,16,58,74
19083,尹,8,36,44
19085,개미,20,123,143
19088,최훈,15,37,52
19089,코리아디스카운트,22,16,38
19092,생생,7,9,16
19094,그래픽,23,37,60
19097,연합회,12,26,38
19098,지갑,12,18,30
19108,드론,4,41,45
19109,뉴욕증권거래소,155,342,497
19111,택시,1,14,15
19112,로이터통신,29,55,84
19113,모은,3,14,17
19114,꼽힌다,35,91,126
19120,연구센터,3,12,15
19129,기종,1,18,19
19132,운항,9,9,18
19133,창업자,18,59,77
19140,반토막,7,23,30
19144,개발사,9,8,17
19145,찬물,16,25,41
19146,끼얹,16,18,34
19149,한국투자공사,6,10,16
19157,고시금리,15,48,63
19160,시총상위,19,56,75
19161,셀트리온제약,11,59,70
19162,이정현,13,19,32
19163,스탠더드앤드푸어스,82,184,266
19164,증권가,24,119,143
19165,한지영,30,76,106
19166,인도량,3,16,19
19167,시가총액상위주,11,48,59
19168,에코프로,79,165,244
19169,상한가,15,44,59
19170,리노공업,13,38,51
19183,하한가,7,28,35
19184,이재명,14,36,50
19185,피습,3,13,16
19190,캠퍼스,5,11,16
19191,양극,12,27,39
19198,자율주행,6,38,44
19199,모빌리티,5,30,35
19203,일학,2,16,18
19206,레고랜드,4,29,33
19215,한동훈,12,56,68
19219,스마트,7,77,84
19222,승진,2,22,24
19227,매그니,30,61,91
19233,인재,13,22,35
19248,톱,4,23,27
19263,한눈,2,17,19
19264,모범,4,41,45
19267,특별공급,2,31,33
19270,강남권,6,18,24
19284,오피니언,10,24,34
19286,피플,13,25,38
19287,성능,7,42,49
19296,한강,10,21,31
19310,중소형주,14,32,46
19312,서학,16,57,73
19318,투자사,3,19,22
19321,분석가,20,27,47
19326,믹,10,17,27
19328,디렉,3,16,19
19329,시온,3,16,19
19338,테라,8,33,41
19351,세포,4,31,35
19360,일라이,3,23,26
19361,릴리,4,23,27
19362,이용성,32,73,105
19364,풍력,5,19,24
19370,고객사,5,22,27
19374,재생에너지,4,43,47
19379,뚝,26,63,89
19382,키운,3,20,23
19384,정보기술,7,54,61
19385,어링,10,6,16
19386,전시회,7,12,19
19395,홍콩H지수,18,67,85
19410,보답,5,10,15
19412,이소현,4,24,28
19413,무장,6,11,17
19414,하마스,20,44,64
19425,응찰금액,10,29,39
19426,채권딜러,12,19,31
19428,테마주,15,33,48
19431,다연,28,66,94
19433,마쳐,16,43,59
19434,기술주,97,363,460
19435,정규장,10,8,18
19436,청사,6,21,27
19441,사기,29,93,122
19445,행장,1,17,18
19461,이경민,16,42,58
19462,배당락,9,14,23
19467,정병묵,13,15,28
19473,다자녀,1,36,37
19477,포용,17,17,34
19487,딜링룸,39,129,168
19488,명동,13,19,32
19492,BNK투자증권,1,14,15
19497,팔자,10,70,80
19498,벤처기업,16,42,58
19501,건들,17,2,19
19505,대주단,40,40,80
19506,확약,9,29,38
19508,전자단기사채,6,13,19
19513,하상,27,46,73
19516,적금,186,232,418
19518,보이스피싱,12,19,31
19532,위험노출액,3,16,19
19533,줬,17,50,67
19534,남산,8,18,26
19538,성동구,6,32,38
19540,대주단협약,5,12,17
19546,최상목,9,51,60
19547,회관,12,36,48
19548,촬영,6,30,36
19549,김주현,18,39,57
19550,박춘섭,11,77,88
19556,지식산업센터,9,14,23
19557,신생아,78,92,170
19558,공실,16,36,52
19559,동취,4,28,32
19562,중외,2,24,26
19585,족,15,33,48
19590,서리,2,15,17
19592,증여,21,58,79
19593,상속,9,24,33
19594,등극,7,9,16
19601,샘,7,13,20
19607,노보,6,12,18
19608,디스크,4,12,16
19610,사각지대,7,12,19
19615,그룹회장,2,14,16
19616,내실,5,12,17
19629,혁신성장,2,38,40
19633,혁신기업,8,7,15
19636,반감기,16,104,120
19638,비트코인,185,913,1098
19639,코인,64,184,248
19640,암호화폐,22,49,71
19641,이더리움,42,127,169
19642,블록체인,9,38,47
19649,청소년,8,14,22
19654,이차전지,19,22,41
19663,철,6,11,17
19667,금광,5,10,15
19671,매매차익,12,27,39
19672,한국예탁결제원,5,30,35
19675,골드,3,21,24
19687,트러스트,6,14,20
19688,셰어,15,16,31
19692,파이낸셜타임스,13,20,33
19696,매니지먼트,9,28,37
19700,경제인,8,20,28
19704,컨벤션,3,12,15
19709,광주시,4,16,20
19711,시청,6,26,32
19719,지역기업,3,16,19
19721,날개,6,10,16
19723,소부,3,14,17
19736,전경,47,124,171
19738,답했,3,16,19
19741,모였,4,27,31
19743,낸드,2,13,15
19750,한미반도체,10,14,24
19751,우리기술투자,1,16,17
19752,실시간,18,49,67
19756,전략가,38,78,116
19761,리비,16,29,45
19762,비야디,2,14,16
19765,뉴욕상업거래소,37,97,134
19766,서부텍사스산원유,39,108,147
19768,홍해,6,44,50
19769,김인경,17,70,87
19770,비차익거래,2,13,15
19771,블루칩,29,108,137
19772,시가총액상위종목,24,72,96
19776,박미경,20,59,79
19778,꼼꼼히,3,18,21
19779,꼬집,8,19,27
19780,이정윤,66,203,269
19782,커버드콜,10,106,116
19783,합성ETF,34,51,85
19784,한국투자신탁운용,32,60,92
19785,액티브,137,359,496
19788,여신금융협회,6,10,16
19789,인컴,25,74,99
19794,고배,8,22,30
19796,대역폭,5,26,31
19797,디바이스,3,22,25
19804,자분,6,10,16
19806,추첨,18,47,65
19808,신청자,12,26,38
19810,누리집,6,27,33
19812,김상윤,55,108,163
19813,특파원,67,140,207
19815,메타,63,119,182
19817,제이,1,18,19
19819,최고경영자,24,101,125
19820,투자전략가,2,14,16
19826,최고투자책임자,13,29,42
19827,포트폴리오매니저,11,21,32
19829,유튜브,26,69,95
19830,월부,9,17,26
19831,다우존스산업평균지수,5,11,16
19835,불어나,9,15,24
19836,켜졌,8,11,19
19837,불어났,9,11,20
19838,타임스,10,8,18
19839,캡처,8,15,23
19844,스퀘어,31,17,48
19849,어드바이저,11,17,28
19859,끌어모으,11,8,19
19860,베이시스포인트,19,36,55
19861,산한,27,69,96
19863,세워뒀,1,18,19
19864,사모채,17,18,35
19873,저택,1,15,16
19877,아트,1,16,17
19883,캘리포니아주,7,14,21
19889,피트,6,25,31
19893,의뢰,13,10,23
19898,꼽혔,8,36,44
19904,초고,4,13,17
19914,방인권,5,16,21
19919,총통,1,31,32
19923,인사말,4,12,16
19924,사다리,10,26,36
19927,마이크,6,31,37
19928,트래,5,25,30
19929,티지,7,25,32
19930,스톡옵션,3,13,16
19933,썸,2,15,17
19938,전통시장,11,39,50
19939,소득공제,12,35,47
19941,당정,18,17,35
19947,스트레스금리,10,12,22
19948,카카오페이,7,51,58
19949,갈아타,71,406,477
19950,휴사,3,14,17
19951,카카오톡,1,16,17
19953,선보일,5,15,20
19954,대환대출,56,238,294
19955,갈아탄,1,39,40
19957,대서,5,14,19
19958,프로,16,44,60
19959,유재희,15,51,66
19962,워치,19,36,55
19968,주당순이익,41,52,93
19970,헤드셋,4,13,17
19972,자리매김,4,12,16
19973,구독,15,29,44
19974,길잡이,11,26,37
19975,라이브,16,34,50
19976,누나,8,26,34
19977,부탁,14,33,47
19979,케이뱅크,56,153,209
19980,공급계획,6,10,16
19982,중도상환수수료,12,39,51
19983,인터넷은행,25,29,54
19988,주가순자산비율,53,51,104
19990,전통자산,12,6,18
19998,전기가스업,3,15,18
19999,모집액,12,34,46
20001,게티,11,20,31
20004,한화자산운용,3,36,39
20005,순자산액,21,22,43
20015,금융정보업체,6,14,20
20017,블,3,14,17
20048,보건복지부,5,11,16
20065,전광판,7,35,42
20068,환매조건부채권,18,39,57
20070,리서치팀,10,33,43
20071,신흥지수,10,30,40
20074,서초구,18,36,54
20075,서초,11,19,30
20084,발맞춰,5,16,21
20086,툴,15,50,65
20090,선보이,11,34,45
20092,사로잡,3,13,16
20093,호평,6,19,25
20094,선보였,4,11,15
20105,적발,10,11,21
20107,뉴시스,7,15,22
20110,참석자,17,28,45
20114,투자설명회,3,12,15
20117,종로구,7,22,29
20119,강사,6,9,15
20120,과매수,4,16,20
20125,스타트업,28,93,121
20138,알트,8,30,38
20140,솔라나,3,25,28
20149,블랙록,15,65,80
20172,디파이,1,28,29
20176,토큰,7,36,43
20184,방성훈,17,21,38
20192,목돈,18,43,61
20193,세전,23,27,50
20201,제네시스,5,29,34
20213,토요타,2,15,17
20218,컨텐츠,5,18,23
20219,옅,12,18,30
20220,알테오젠,18,52,70
20223,레인보우,24,32,56
20224,로보틱스,27,61,88
20225,위메이드,3,39,42
20226,국세청,6,14,20
20228,믹스,25,8,33
20230,JYPEnt.,7,17,24
20231,최정훈,17,42,59
20233,단일물,7,17,24
20245,뱅크오브아메리카,15,29,44
20256,구현,13,22,35
20260,레버리지ETF,3,14,17
20261,상장종목,5,12,17
20264,유은실,6,11,17
20265,정기적금,7,13,20
20266,선착순,22,58,80
20268,롤러코스터,3,14,17
20280,손잡,3,12,15
20283,방배동,1,15,16
20284,역세권,12,37,49
20288,만장,19,14,33
20298,부위원장,23,37,60
20308,野,5,12,17
20312,혁신당,14,15,29
20316,체불,46,99,145
20332,중기부,11,15,26
20337,경영진,11,28,39
20339,사랑,8,34,42
20341,파킹,44,89,133
20343,휘,5,11,16
20344,마이스,7,15,22
20379,기숙사,1,23,24
20392,신용보증기금,11,24,35
20401,정부서울청사,9,19,28
20404,연방준비제도의장,12,47,59
20408,주택도시기금,14,17,31
20410,주담,2,14,16
20412,대인,5,13,18
20417,저커버그,2,20,22
20418,기부,5,10,15
20424,메타버스,19,8,27
20426,간편,12,48,60
20427,하루치,7,15,22
20428,기초지수,6,27,33
20430,토마스,19,10,29
20431,연방준비은행총재,31,35,66
20445,꺼냈,4,12,16
20446,멈춰,4,14,18
20449,이코노믹스,16,27,43
20452,직장인,11,13,24
20458,추모식,1,14,15
20462,안대,38,60,98
20464,중소벤처기업부,10,45,55
20465,중소기업정책자금,1,20,21
20468,업력,1,27,28
20470,진흥공단,5,44,49
20471,스마트공장,3,19,22
20477,입력,6,27,33
20478,약자,4,12,16
20480,챗봇,2,17,19
20491,브리핑,12,34,46
20496,재판부,5,24,29
20507,원내대표,17,9,26
20508,노진환,7,12,19
20510,신청서,11,9,20
20515,국토부,21,21,42
20524,이명철,14,23,37
20533,국민연금기금,9,8,17
20548,관리비,11,6,17
20549,들어선다,5,13,18
20552,카페,5,23,28
20553,체육,4,15,19
20556,노원구,12,15,27
20565,쾌적,7,34,41
20566,복무,8,7,15
20567,장병,11,8,19
20568,늘린다,6,21,27
20571,상담사,16,3,19
20572,상담,17,53,70
20586,반도체주,13,74,87
20589,노토,1,15,16
20600,의대,16,38,54
20601,세일즈,5,12,17
20602,탄소,5,45,50
20608,시범,14,9,23
20616,저탄소,7,15,22
20618,온실가스,1,17,18
20622,김영환,3,19,22
20625,양육비,3,24,27
20630,회견,5,17,22
20637,퓨처,9,40,49
20641,쑥,8,26,34
20645,챗,5,30,35
20647,팹리스,6,12,18
20648,디자인,4,25,29
20656,대표지수,5,24,29
20660,리플,3,38,41
20661,랩스,4,12,16
20663,약식,4,12,16
20664,한국인,9,6,15
20665,그레이,9,42,51
20666,스케일,16,55,71
20672,워크,14,7,21
20680,케이카,32,7,39
20684,르노,2,15,17
20687,클래스,9,36,45
20696,콜차입,12,15,27
20697,박종화,6,20,26
20714,특공,1,25,26
20727,국토연구원,7,9,16
20728,전셋값,16,43,59
20731,가점,12,7,19
20733,연면적,6,19,25
20734,양육,6,24,30
20744,전미고용보고서,1,14,15
20764,용인시,10,12,22
20765,토론회,27,75,102
20769,한덕수,9,8,17
20772,송,13,11,24
20775,중처,5,10,15
20780,우정사업본부,21,18,39
20781,우체국,11,7,18
20782,사업단,11,8,19
20788,국토교통부,32,55,87
20792,엔데,6,9,15
20793,거래액,10,30,40
20798,판매자,13,15,28
20806,박스,3,30,33
20810,공간,37,109,146
20813,달러채,1,25,26
20818,크리스,8,24,32
20819,라킨,2,14,16
20824,단말기,5,20,25
20827,오영주,4,19,23
20828,신천,1,14,15
20842,배당기준일,15,22,37
20844,제조업체인,4,11,15
20857,신일,1,16,17
20858,방배,1,32,33
20860,공사현장,5,19,24
20863,시행사,23,77,100
20877,감정가,6,13,19
20884,하도급,11,12,23
20895,머티,5,11,16
20896,대어,8,11,19
20902,탈환,6,15,21
20906,부문장,3,13,16
20916,제안서,2,13,15
20918,컬리,3,24,27
20924,존스,6,16,22
20929,전미경제학회,1,15,16
20951,규준,2,19,21
20961,보증서,9,26,35
20965,서민금융진흥원,4,16,20
20969,조회,16,93,109
20980,마중물,7,12,19
20981,재테크,20,23,43
20983,키움투자자산운용,11,8,19
21009,분양대금,10,7,17
21013,앞세워,5,14,19
21017,듀얼,4,11,15
21019,모빌아이,1,14,15
21021,던졌,5,10,15
21023,강의,5,20,25
21028,미래가치,7,22,29
21032,부동산업,16,23,39
21035,아멕스,2,14,16
21052,가성비,15,7,22
21056,피트니스센터,1,17,18
21094,개당,2,14,16
21110,구미,2,16,18
21119,사과,10,65,75
21122,통신업,3,13,16
21123,부추길,3,18,21
21130,틱톡,2,13,15
21132,맥도날드,9,14,23
21137,주주가치,21,16,37
21148,레이,3,20,23
21159,문정희,2,13,15
21160,순매수우위,5,15,20
21163,우리종금,1,15,16
21173,코스피200지수,3,14,17
21200,메리,4,17,21
21231,곧장,4,11,15
21239,자치구,8,10,18
21244,험난,5,12,17
21248,스테이트,20,68,88
21249,디센트,6,10,16
21250,조감도,8,13,21
21251,타운,11,31,42
21254,타입,23,41,64
21255,발길,2,14,16
21258,상업시설,10,14,24
21259,복합단지,4,15,19
21266,옆,3,22,25
21267,갖췄,12,21,33
21276,정액제,4,33,37
21277,견본주택,12,46,58
21282,전용상품,3,13,16
21297,픽사,7,20,27
21299,타깃,9,9,18
21303,노하우,10,22,32
21317,라이프스타일,4,15,19
21319,입주민,14,52,66
21320,만족도,11,12,23
21332,주거환경,7,21,28
21333,숲,9,23,32
21336,청약통장,44,67,111
21341,승소,3,20,23
21348,매출원가율,2,14,16
21374,익명,3,15,18
21376,주택수,4,26,30
21377,수원시,6,17,23
21379,신도시,18,28,46
21380,빌라,2,27,29
21381,공인중개업소,7,12,19
21386,판교,5,16,21
21404,특별대출,5,13,18
21405,경영난,9,16,25
21420,눈덩이,7,13,20
21421,크리스토퍼,20,47,67
21434,벅스,7,27,34
21439,원스톱,9,36,45
21440,갈아탈,10,108,118
21456,수분,7,12,19
21464,與,15,21,36
21470,미술,1,22,23
21482,파격,6,14,20
21483,여정,4,35,39
21490,팩트셋,10,12,22
21512,핀,3,29,32
21514,핀다,25,72,97
21517,공동대표,7,15,22
21519,핀다는,5,19,24
21520,공인중개사,5,17,22
21524,원은,5,11,16
21529,정책위,23,21,44
21539,송주,14,32,46
21549,읽힌다,6,12,18
21556,비경쟁인수,15,13,28
21572,회원사,4,21,25
21577,내수주,11,6,17
21578,진정세,7,9,16
21596,연회비,13,5,18
21599,카드결제,6,10,16
21604,박순엽,22,21,43
21606,전동,1,27,28
21611,대중화,4,17,21
21614,뭉칫돈,11,15,26
21618,인기몰이,9,7,16
21620,전환사채,9,43,52
21626,넥스트,9,13,22
21633,니어,13,4,17
21636,신율,1,57,58
21645,이혜,1,21,22
21646,합니다,3,13,16
21651,민진,1,14,15
21664,실태,11,18,29
21681,생활권,20,15,35
21684,출퇴근,7,11,18
21704,증권시장,3,12,15
21713,골,6,11,17
21747,처벌,20,24,44
21766,브로드컴,7,22,29
21772,고령자,2,32,34
21773,공공분양,1,14,15
21776,전용면적,32,48,80
21777,청라,17,4,21
21791,전시관,6,10,16
21798,쪼그라들,4,13,17
21800,낙찰가율,16,20,36
21801,임의경매,6,18,24
21804,옥션,10,17,27
21808,광장,4,17,21
21809,집합건물,4,14,18
21812,어반,2,17,19
21813,집주인,1,29,30
21831,투데이,11,15,26
21832,은평구,8,11,19
21833,사회적경제,1,51,52
21834,관내,9,19,28
21837,구청,12,22,34
21844,청장,8,13,21
21848,응답기업,10,7,17
21873,포레,1,27,28
21875,데시,2,14,16
21876,앙,1,15,16
21888,행동주의,12,46,58
21890,동체,4,14,18
21896,AI칩,8,16,24
21905,애플리케이션,7,15,22
21942,현장검사,3,12,15
21957,한숨,6,15,21
21958,1기신도시,7,9,16
21979,상환금액,2,17,19
21980,부동산정보,6,22,28
21987,아낄,2,13,15
21990,미셸,4,11,15
21993,콘퍼런스,5,25,30
21997,월러,43,84,127
22024,아람코,8,11,19
22025,미즈호,5,19,24
22031,준공후미분양,8,7,15
22036,동선,4,12,16
22041,경보,5,10,15
22043,초전도체,8,9,17
22044,개장후,5,11,16
22046,신성델타테크,17,20,37
22049,위탁매매,8,7,15
22053,불공정거래,7,13,20
22080,농식품부,1,14,15
22090,농업인,11,8,19
22106,몸값,5,10,15
22117,관영,8,14,22
22124,선보인,8,18,26
22138,판사,4,27,31
22140,항소심,4,12,16
22144,통장,93,75,168
22145,SBI저축은행,2,13,15
22147,OK저축은행,4,13,17
22152,입출금,13,25,38
22158,입점,10,27,37
22161,산연,11,11,22
22180,주택청약,5,24,29
22185,접속,7,17,24
22193,성남시,12,12,24
22204,엔화값,6,33,39
22205,원화값,4,26,30
22221,우에다,9,93,102
22222,가즈오,9,78,87
22243,인텔리전스,3,18,21
22253,축구,4,18,22
22261,패밀리,7,10,17
22285,업소,9,6,15
22292,조합원,21,36,57
22296,서강대,1,16,17
22299,베어링자산운용,2,14,16
22306,핑크,3,21,24
22322,온의,2,14,16
22324,좁혔,4,13,17
22330,교통망,7,15,22
22346,충청,9,11,20
22350,고양,9,8,17
22351,성남,6,11,17
22353,동탄,6,27,33
22356,캐슬,6,13,19
22372,이지스자산운용,19,21,40
22373,열린다,4,11,15
22391,소셜미디어,12,20,32
22397,사익,2,16,18
22400,동료,10,10,20
22415,부행장,6,11,17
22430,도보,9,19,28
22447,도서관,7,25,32
22458,남향,5,13,18
22460,판상,5,11,16
22464,놀이터,4,22,26
22465,스테이션,2,19,21
22466,골프,15,46,61
22467,연습장,5,23,28
22469,래피얼,3,16,19
22474,환승,13,18,31
22487,환노출,6,19,25
22490,방문객,7,9,16
22492,영통역,6,15,21
22493,자이,21,28,49
22495,영통,5,21,26
22504,발코니확장,7,12,19
22516,안전진단,10,5,15
22542,소각,17,11,28
22571,중대재해,15,8,23
22584,지사,4,21,25
22594,사직서,11,6,17
22605,제트블루,8,11,19
22611,플러그,1,17,18
22620,샐러드,11,11,22
22640,특별자금,6,25,31
22644,책임자,18,40,58
22645,세계경제포럼,2,16,18
22646,다보스,1,14,15
22656,거버넌스,4,26,30
22735,당첨,17,82,99
22740,롯데마트,6,12,18
22748,더리,3,12,15
22753,제이미,1,20,21
22754,다이먼,1,42,43
22760,키오스크,4,12,16
22761,하이엔드,7,23,30
22773,다방,1,19,20
22775,플레이스,3,22,25
22776,파트너사,12,9,21
22782,우스,19,4,23
22797,에이피,9,6,15
22804,개인정보,4,14,18
22808,인도분,5,35,40
22809,선물거래소,3,15,18
22815,서도,6,16,22
22833,회의실,6,13,19
22841,조윤제,4,11,15
22842,서영경,3,18,21
22846,중소협력사,1,20,21
22848,영입,8,15,23
22849,뷰티,3,47,50
22867,본관,8,10,18
22873,밀렸,7,14,21
22875,고용부,7,14,21
22880,중소기업중앙회,4,23,27
22881,인력난,5,10,15
22899,실거주,10,21,31
22924,노원,9,11,20
22925,도봉,6,15,21
22926,강북구,8,10,18
22945,사견,9,8,17
22948,응모,2,32,34
22949,장학금,3,44,47
22953,중위소득,2,21,23
22964,클렌징,1,15,16
22972,환경부,12,11,23
22982,티스,1,16,17
23000,주당배당금,11,6,17
23004,잿,6,9,15
23029,온누리상품권,6,23,29
23032,바우처,10,10,20
23034,재외,2,13,15
23054,지배주주순이익,4,14,18
23055,자기자본이익률,14,17,31
23056,상품권,7,36,43
23057,증정,10,22,32
23060,혜신,13,14,27
23066,체납,4,11,15
23067,자정,6,11,17
23078,남도,3,14,17
23091,티어,12,7,19
23108,트인,4,20,24
23115,앞장서,6,11,17
23126,셰어스,15,22,37
23127,피델,4,16,20
23128,리티,4,18,22
23129,아크,2,14,16
23134,캐시,2,13,15
23151,페트라,1,14,15
23152,헤드,3,13,16
23171,대사,2,13,15
23176,블록딜,2,24,26
23177,인베스트먼트,25,39,64
23183,이사장,10,51,61
23230,꽁꽁,4,11,15
23231,원주,14,51,65
23263,사칭,21,7,28
23272,군인,3,15,18
23277,끈적,21,17,38
23309,허츠,1,19,20
23311,루시드,7,13,20
23312,니콜라,2,18,20
23326,집중투자,5,17,22
23336,넷플릭스,9,54,63
23364,보행,5,10,15
23365,강서구,8,11,19
23366,마곡,19,23,42
23386,현대생명,10,7,17
23392,당정협의회,13,6,19
23393,평점,8,9,17
23395,뒷걸음질,5,11,16
23405,리볼빙,51,39,90
23421,덱스,1,16,17
23422,이크레더블,2,18,20
23432,대파,1,14,15
23468,성수품,2,15,17
23493,불완전판매,13,41,54
23496,문책,1,18,19
23510,춘투,5,32,37
23511,노사,7,28,35
23548,빚내,11,4,15
23557,박성효,1,15,16
23566,코픽스,62,103,165
23575,행고,2,14,16
23577,체크카드,21,54,75
23580,구독료,1,22,23
23588,대기성자금,8,12,20
23591,한영,4,14,18
23601,수출주,7,19,26
23612,뱅,47,26,73
23613,초과이익,2,13,15
23629,유나이티드,1,22,23
23647,튀르,24,10,34
23666,아우디,23,18,41
23669,잔존가치,22,3,25
23673,김석환,15,61,76
23676,구입자금,7,8,15
23679,도봉구,4,15,19
23681,용산구,12,8,20
23688,김경은,4,15,19
23703,클러스터,6,19,25
23707,공천,17,24,41
23716,유정,4,12,16
23743,계양,12,3,15
23761,징계,3,26,29
23771,사단,5,18,23
23778,국금센터,8,23,31
23789,이승환,4,11,15
23823,지폐,2,21,23
23830,코프,40,17,57
23837,수법,6,10,16
23850,악용,10,10,20
23859,논산,1,22,23
23860,투시도,3,20,23
23873,평면,4,20,24
23884,지제역,1,34,35
23885,밸리,12,30,42
23893,현관,4,12,16
23894,주방,5,12,17
23895,드레스룸,6,11,17
23899,수영장,5,15,20
23902,종로,2,14,16
23916,판매사,17,41,58
23917,파생결합증권,3,20,23
23926,강동,6,11,17
23927,외지인,2,14,16
23931,강동구,4,13,17
23941,관악구,3,14,17
23947,촌,12,8,20
23964,성적표,7,13,20
23965,코람코,12,17,29
23976,일렉트론,5,28,33
23989,김포,8,33,41
24014,캐피털사,3,22,25
24090,플라자,2,13,15
24096,부천,4,20,24
24098,모임,5,11,16
24115,리스크오프,1,15,16
24122,독서실,5,12,17
24147,트윈,4,11,15
24167,삼성액티브자산운용,7,11,18
24179,춘계,3,25,28
24199,경제장관회의,14,5,19
24215,경품,7,24,31
24217,방한,4,12,16
24242,김소영,14,24,38
24248,노란,5,28,33
24249,우산,5,29,34
24251,리뉴얼,1,14,15
24258,세무사,7,9,16
24281,김승현,4,16,20
24284,나눔,3,22,25
24294,신상품,6,22,28
24343,지역구,3,12,15
24347,마포,4,11,15
24353,살아났,7,12,19
24383,디폴트옵션,27,22,49
24408,의정부,6,10,16
24544,기본형,1,15,16
24545,건축비,1,20,21
24574,기계업종,5,10,15
24575,상환권,9,12,21
24630,행인,5,10,15
24635,녹색산업,14,3,17
24644,제주도,3,14,17
24661,도강,6,9,15
24672,우대형,11,7,18
24693,러셀지수,8,9,17
24727,사금융,31,4,35
24742,시흥,1,21,22
24746,상인,7,35,42
24779,일렉트릭,3,13,16
24794,가맹,4,11,15
24797,샵,20,10,30
24809,푸르지오,10,22,32
24824,경기민감주,6,12,18
24832,미화,1,30,31
24833,컨퍼런스콜,12,10,22
24856,업무계획,11,5,16
24863,콘퍼런스보드,4,15,19
24871,청정,4,12,16
24881,아기,1,14,15
24885,유급,3,13,16
24913,청구권,3,13,16
24914,상장예비심사,12,5,17
24939,시추기,1,17,18
24957,유니콘,8,10,18
24967,음악,5,11,16
24975,전공,18,27,45
25048,갈아치우,5,20,25
25122,메이플,10,16,26
25129,기조연설,3,24,27
25133,김치프리미엄,3,24,27
25144,프랭클린,2,13,15
25173,청구자,11,7,18
25186,트립,8,13,21
25210,여행객,9,7,16
25292,스즈키,8,12,20
25293,슌이치,6,11,17
25353,파나소닉,1,15,16
25365,차종,11,11,22
25412,녹지,5,11,16
25481,격인,6,15,21
25483,굴스비,27,7,34
25492,트래블,21,48,69
25522,안산,1,17,18
25587,레스티,6,19,25
25605,미상환,6,9,15
25628,중징계,1,15,16
25647,수요조사,8,7,15
25654,서천군,1,14,15
25694,우에,2,21,23
25719,허위,13,5,18
25797,까다롭,8,8,16
25936,아산,6,9,15
25943,법무법인,9,6,15
25951,안동,1,33,34
25967,적립식,9,13,22
25995,구독자,2,13,15
26004,만좌,15,7,22
26008,레인지장,3,13,16
26014,증권감독관리위원회,9,6,15
26019,손상화폐,4,16,20
26061,드레,8,7,15
26069,김호영,12,10,22
26076,페이즈,7,17,24
26084,촉매제,13,11,24
26105,깜짝실적,8,7,15
26115,면담,4,11,15
26126,땅값,3,20,23
26175,급전,16,16,32
26184,대한토지신탁,1,15,16
26235,브리지론,11,19,30
26276,메자닌,16,3,19
26315,양천구,16,11,27
26316,목동,20,4,24
26334,엠마,1,19,20
26335,스톤,3,20,23
26409,춘,11,6,17
26504,스팸,1,15,16
26593,리워드,10,11,21
26602,해링턴,1,18,19
26618,철도망,7,11,18
26677,군부대,1,14,15
26679,부천시,2,14,16
26788,스위트,8,14,22
26911,현역,8,8,16
26981,소프트뱅크,9,13,22
27013,안정기,5,28,33
27092,어르신,2,22,24
27094,용적률,3,13,16
27119,재형저축,3,23,26
27167,환금성,7,9,16
27183,더샵,10,10,20
27218,우수기업,16,5,21
27318,봇,1,15,16
27344,환급액,2,17,19
27391,항변권,1,14,15
27397,오스탄,14,5,19
27411,선도거래,2,13,15
27490,투쟁,3,12,15
27528,응원,2,15,17
27550,녹색채권,15,32,47
27572,배당가능이익,3,18,21
27581,알고리즘,7,9,16
27605,학술대회,4,25,29
27663,켄달,26,8,34
27664,제이알,1,22,23
27666,거시경제금융회의,1,20,21
27680,수도권광역급행철도,7,8,15
27710,베일리,6,9,15
27796,테무,2,15,17
27925,마운트,1,14,15
28044,행정처분,8,7,15
28106,시그,8,8,16
28125,센텀,17,2,19
28147,배당액,4,12,16
28162,말라티아,19,1,20
28238,대리,8,7,15
28247,대부업,20,6,26
28263,개발자,3,23,26
28351,광명시,11,17,28
28362,구로구,12,4,16
28367,콘셉트,4,13,17
28381,복지부,15,2,17
28383,비급여,14,1,15
28529,플러스알파,20,1,21
28641,밋,14,3,17
28642,에디션,16,6,22
28724,놀자,2,32,34
28756,레이어,7,21,28
28774,후드,9,18,27
28781,번스타인,3,13,16
28883,반포,25,12,37
28933,황건일,15,1,16
28943,신승철,14,1,15
28959,여행지,24,1,25
28971,획정,8,8,16
28980,넷마블,35,2,37
29066,우치다,10,6,16
29256,링커,20,1,21
29290,국산차,15,7,22
29450,매니페스토,16,1,17
29486,개막전,7,8,15
29547,마사토,7,8,15
29548,재무관,7,17,24
29613,스모,2,30,32
29614,아제,4,30,34
29672,리프트,17,1,18
29677,공제금,8,8,16
29825,럭셔리,2,24,26
29885,마이크로컴퓨터,9,25,34
29898,마이크론테크놀로지,2,13,15
29987,사운드,12,6,18
29988,하운드,10,5,15
30040,전공의,19,20,39
30105,젠슨,8,32,40
30314,청약저축,13,2,15
30660,실버타운,4,26,30
30664,백운호수,9,13,22
30671,간호사,3,13,16
30952,이지호,17,1,18
31212,경매신청,9,18,27
31499,그라운드,2,14,16
31851,면액,1,14,15
31894,보통예금,1,21,22
31917,덴티움,1,23,24
32373,제철,1,22,23
32600,배상안,1,27,28
32987,주식분할,1,20,21
33020,투게더,1,14,15
33192,화양,1,15,16
33906,큐리,1,25,26
34056,트루스,7,13,20
34181,옥스,1,24,25
34244,모셔,1,20,21
34421,상업지,1,16,17
34577,크리스피,1,17,18
34654,애플페이,1,24,25
34985,CR리츠,14,1,15
